旅客记录号,乘客数,到达航班,到达日期,出发航班,出发日期
T0001,2,NV677,19-Jan-18,NV3446,19-Jan-18
T0002,2,NV677,19-Jan-18,NV3446,19-Jan-18
T0003,2,NV677,19-Jan-18,NV3446,19-Jan-18
T0004,1,NV677,19-Jan-18,NV3446,19-Jan-18
T0005,1,NV677,19-Jan-18,NV3615,19-Jan-18
T0006,2,NV677,19-Jan-18,NV655,19-Jan-18
T0007,2,NV677,19-Jan-18,NV655,19-Jan-18
T0008,2,NV677,19-Jan-18,NV655,19-Jan-18
T0009,2,NV677,19-Jan-18,NV6778,19-Jan-18
T0010,2,NV677,19-Jan-18,NV6154,19-Jan-18
T0011,2,NV677,19-Jan-18,NV6154,19-Jan-18
T0012,2,NV677,19-Jan-18,NV6154,19-Jan-18
T0013,2,NV677,19-Jan-18,NV6154,19-Jan-18
T0014,2,NV677,19-Jan-18,NV6154,19-Jan-18
T0015,1,NV677,19-Jan-18,NV6154,19-Jan-18
T0016,2,NV677,19-Jan-18,NV6164,19-Jan-18
T0017,2,NV677,19-Jan-18,NV6164,19-Jan-18
T0018,2,NV677,19-Jan-18,NV6164,19-Jan-18
T0019,2,NV677,19-Jan-18,NV6164,19-Jan-18
T0020,2,NV677,19-Jan-18,NV6514,19-Jan-18
T0021,2,NV677,19-Jan-18,NV6514,19-Jan-18
T0022,2,NV677,19-Jan-18,NV6514,19-Jan-18
T0023,2,NV677,19-Jan-18,NV6514,19-Jan-18
T0024,2,NV677,19-Jan-18,NV6514,19-Jan-18
T0025,2,NV677,19-Jan-18,NV6514,19-Jan-18
T0026,2,NV677,19-Jan-18,NV6514,19-Jan-18
T0027,2,NV677,19-Jan-18,NV6514,19-Jan-18
T0028,2,NV677,19-Jan-18,NV6514,19-Jan-18
T0029,1,NV677,19-Jan-18,NV6514,19-Jan-18
T0030,2,NV675,19-Jan-18,NV6154,19-Jan-18
T0031,2,NV675,19-Jan-18,NV6154,19-Jan-18
T0032,1,NV675,19-Jan-18,NV3263,19-Jan-18
T0033,1,NV675,19-Jan-18,NV612,19-Jan-18
T0034,1,NV847,19-Jan-18,NV3446,19-Jan-18
T0035,1,NV847,19-Jan-18,NV675,19-Jan-18
T0036,2,NV847,19-Jan-18,NV655,19-Jan-18
T0037,2,NV847,19-Jan-18,NV6154,19-Jan-18
T0038,2,NV847,19-Jan-18,NV6154,19-Jan-18
T0039,2,NV847,19-Jan-18,NV6154,19-Jan-18
T0040,2,NV847,19-Jan-18,NV6154,19-Jan-18
T0041,2,NV847,19-Jan-18,NV6154,19-Jan-18
T0042,2,NV847,19-Jan-18,NV6154,19-Jan-18
T0043,1,NV847,19-Jan-18,NV6724,19-Jan-18
T0044,1,NV847,19-Jan-18,NV6734,19-Jan-18
T0045,1,NV847,19-Jan-18,NV612,19-Jan-18
T0046,2,NV847,19-Jan-18,NV6616,19-Jan-18
T0047,2,NV847,19-Jan-18,NV6514,19-Jan-18
T0048,1,NV847,19-Jan-18,NV6700,19-Jan-18
T0049,2,NV609,19-Jan-18,NV675,19-Jan-18
T0050,1,NV609,19-Jan-18,NV3263,19-Jan-18
T0051,1,NV609,19-Jan-18,NV6548,19-Jan-18
T0052,1,NV609,19-Jan-18,NV6230,19-Jan-18
T0053,1,NV609,19-Jan-18,NV6532,19-Jan-18
T0054,2,NV609,19-Jan-18,NV6616,19-Jan-18
T0055,2,NV609,19-Jan-18,NV6616,19-Jan-18
T0056,1,NV609,19-Jan-18,NV6616,19-Jan-18
T0057,2,NV609,19-Jan-18,NV6446,19-Jan-18
T0058,2,NV609,19-Jan-18,NV6446,19-Jan-18
T0059,1,NV609,19-Jan-18,NV6446,19-Jan-18
T0060,2,NV609,19-Jan-18,NV6514,19-Jan-18
T0061,2,NV609,19-Jan-18,NV316,19-Jan-18
T0062,1,NV609,19-Jan-18,NV316,19-Jan-18
T0063,2,NV309,19-Jan-18,NV675,19-Jan-18
T0064,2,NV309,19-Jan-18,NV675,19-Jan-18
T0065,2,NV309,19-Jan-18,NV675,19-Jan-18
T0066,2,NV309,19-Jan-18,NV3615,19-Jan-18
T0067,1,NV309,19-Jan-18,NV6164,19-Jan-18
T0068,1,NV309,19-Jan-18,NV6548,19-Jan-18
T0069,2,NV309,19-Jan-18,NV612,19-Jan-18
T0070,2,NV309,19-Jan-18,NV612,19-Jan-18
T0071,1,NV309,19-Jan-18,NV6230,19-Jan-18
T0072,1,NV309,19-Jan-18,NV6532,19-Jan-18
T0073,2,NV309,19-Jan-18,NV6616,19-Jan-18
T0074,2,NV309,19-Jan-18,NV6616,19-Jan-18
T0075,2,NV309,19-Jan-18,NV6616,19-Jan-18
T0076,1,NV309,19-Jan-18,NV6616,19-Jan-18
T0077,2,NV309,19-Jan-18,NV634,19-Jan-18
T0078,2,NV309,19-Jan-18,NV634,19-Jan-18
T0079,2,NV309,19-Jan-18,NV634,19-Jan-18
T0080,2,NV309,19-Jan-18,NV634,19-Jan-18
T0081,2,NV309,19-Jan-18,NV634,19-Jan-18
T0082,2,NV309,19-Jan-18,NV634,19-Jan-18
T0083,2,NV309,19-Jan-18,NV634,19-Jan-18
T0084,1,NV309,19-Jan-18,NV634,19-Jan-18
T0085,2,NV309,19-Jan-18,NV6152,19-Jan-18
T0086,2,NV309,19-Jan-18,NV6152,19-Jan-18
T0087,2,NV309,19-Jan-18,NV6152,19-Jan-18
T0088,2,NV309,19-Jan-18,NV6152,19-Jan-18
T0089,1,NV309,19-Jan-18,NV6152,19-Jan-18
T0090,2,NV309,19-Jan-18,NV678,19-Jan-18
T0091,2,NV309,19-Jan-18,NV678,19-Jan-18
T0092,2,NV309,19-Jan-18,NV678,19-Jan-18
T0093,2,NV309,19-Jan-18,NV678,19-Jan-18
T0094,2,NV309,19-Jan-18,NV678,19-Jan-18
T0095,1,NV309,19-Jan-18,NV678,19-Jan-18
T0096,2,NV309,19-Jan-18,NV316,19-Jan-18
T0097,2,NV309,19-Jan-18,NV316,19-Jan-18
T0098,2,NV309,19-Jan-18,NV316,19-Jan-18
T0099,2,NV871,19-Jan-18,NV655,19-Jan-18
T0100,1,NV871,19-Jan-18,NV655,19-Jan-18
T0101,2,NV871,19-Jan-18,NV380,19-Jan-18
T0102,1,NV871,19-Jan-18,NV3263,19-Jan-18
T0103,1,NV871,19-Jan-18,NV6616,19-Jan-18
T0104,2,NV871,19-Jan-18,NV336,19-Jan-18
T0105,2,NV871,19-Jan-18,NV634,19-Jan-18
T0106,2,NV871,19-Jan-18,NV6152,19-Jan-18
T0107,2,NV871,19-Jan-18,NV6152,19-Jan-18
T0108,2,NV871,19-Jan-18,NV6152,19-Jan-18
T0109,2,NV871,19-Jan-18,NV6152,19-Jan-18
T0110,2,NV871,19-Jan-18,NV6152,19-Jan-18
T0111,2,NV871,19-Jan-18,NV6152,19-Jan-18
T0112,2,NV871,19-Jan-18,NV6152,19-Jan-18
T0113,2,NV871,19-Jan-18,NV6152,19-Jan-18
T0114,2,NV655,19-Jan-18,NV6778,19-Jan-18
T0115,2,NV655,19-Jan-18,NV6778,19-Jan-18
T0116,2,NV655,19-Jan-18,NV6778,19-Jan-18
T0117,2,NV655,19-Jan-18,NV6154,19-Jan-18
T0118,2,NV655,19-Jan-18,NV6154,19-Jan-18
T0119,2,NV655,19-Jan-18,NV6154,19-Jan-18
T0120,2,NV655,19-Jan-18,NV6154,19-Jan-18
T0121,2,NV655,19-Jan-18,NV6154,19-Jan-18
T0122,2,NV655,19-Jan-18,NV6164,19-Jan-18
T0123,2,NV655,19-Jan-18,NV6164,19-Jan-18
T0124,2,NV655,19-Jan-18,NV6636,19-Jan-18
T0125,1,NV655,19-Jan-18,NV6734,19-Jan-18
T0126,2,NV655,19-Jan-18,NV634,19-Jan-18
T0127,2,NV655,19-Jan-18,NV6152,19-Jan-18
T0128,2,NV655,19-Jan-18,NV6152,19-Jan-18
T0129,1,NV891,19-Jan-18,NV3615,19-Jan-18
T0130,2,NV891,19-Jan-18,NV655,19-Jan-18
T0131,1,NV891,19-Jan-18,NV6164,19-Jan-18
T0132,2,NV891,19-Jan-18,NV6724,19-Jan-18
T0133,1,NV891,19-Jan-18,NV6724,19-Jan-18
T0134,1,NV891,19-Jan-18,NV6636,19-Jan-18
T0135,2,NV891,19-Jan-18,GN0414,19-Jan-18
T0136,2,NV891,19-Jan-18,NV6230,19-Jan-18
T0137,2,NV891,19-Jan-18,NV6616,19-Jan-18
T0138,1,NV891,19-Jan-18,NV6616,19-Jan-18
T0139,2,NV891,19-Jan-18,NV634,19-Jan-18
T0140,2,NV891,19-Jan-18,NV6152,19-Jan-18
T0141,2,NV891,19-Jan-18,NV6152,19-Jan-18
T0142,2,NV891,19-Jan-18,NV6152,19-Jan-18
T0143,2,NV891,19-Jan-18,NV6152,19-Jan-18
T0144,2,NV891,19-Jan-18,NV6576,19-Jan-18
T0145,2,NV891,19-Jan-18,NV6576,19-Jan-18
T0146,1,NV891,19-Jan-18,NV6576,19-Jan-18
T0147,1,NV891,19-Jan-18,NV6579,19-Jan-18
T0148,2,NV851,19-Jan-18,NV6778,19-Jan-18
T0149,2,NV851,19-Jan-18,NV6154,19-Jan-18
T0150,2,NV851,19-Jan-18,NV6164,19-Jan-18
T0151,2,NV851,19-Jan-18,NV6616,19-Jan-18
T0152,2,NV851,19-Jan-18,NV6152,19-Jan-18
T0153,2,NV851,19-Jan-18,NV6152,19-Jan-18
T0154,2,NV851,19-Jan-18,NV6152,19-Jan-18
T0155,2,NV851,19-Jan-18,NV6152,19-Jan-18
T0156,2,NV851,19-Jan-18,NV630,19-Jan-18
T0157,2,NV851,19-Jan-18,NV630,19-Jan-18
T0158,2,NV851,19-Jan-18,NV668,19-Jan-18
T0159,2,NV851,19-Jan-18,NV620,19-Jan-18
T0160,2,NV689,19-Jan-18,NV3263,19-Jan-18
T0161,2,NV689,19-Jan-18,NV3263,19-Jan-18
T0162,1,NV689,19-Jan-18,NV3263,19-Jan-18
T0163,2,NV689,19-Jan-18,NV6164,19-Jan-18
T0164,2,NV689,19-Jan-18,NV6548,19-Jan-18
T0165,1,NV689,19-Jan-18,NV6636,19-Jan-18
T0166,2,NV689,19-Jan-18,NV6734,19-Jan-18
T0167,2,NV689,19-Jan-18,NV612,19-Jan-18
T0168,2,NV689,19-Jan-18,NV612,19-Jan-18
T0169,2,NV689,19-Jan-18,NV6230,19-Jan-18
T0170,2,NV689,19-Jan-18,NV6230,19-Jan-18
T0171,2,NV689,19-Jan-18,NV6230,19-Jan-18
T0172,1,NV689,19-Jan-18,NV6230,19-Jan-18
T0173,2,NV689,19-Jan-18,NV6532,19-Jan-18
T0174,2,NV689,19-Jan-18,NV6616,19-Jan-18
T0175,2,NV689,19-Jan-18,NV336,19-Jan-18
T0176,2,NV689,19-Jan-18,NV6446,19-Jan-18
T0177,2,NV689,19-Jan-18,NV6446,19-Jan-18
T0178,1,NV689,19-Jan-18,NV6446,19-Jan-18
T0179,2,NV689,19-Jan-18,NV634,19-Jan-18
T0180,1,NV689,19-Jan-18,NV634,19-Jan-18
T0181,2,NV689,19-Jan-18,NV6152,19-Jan-18
T0182,2,NV689,19-Jan-18,NV6152,19-Jan-18
T0183,2,NV689,19-Jan-18,NV6152,19-Jan-18
T0184,1,NV689,19-Jan-18,NV6152,19-Jan-18
T0185,2,NV689,19-Jan-18,NV678,19-Jan-18
T0186,2,NV689,19-Jan-18,NV678,19-Jan-18
T0187,2,NV689,19-Jan-18,NV678,19-Jan-18
T0188,1,NV689,19-Jan-18,GN0630,19-Jan-18
T0189,2,NV689,19-Jan-18,NV630,19-Jan-18
T0190,1,NV689,19-Jan-18,NV630,19-Jan-18
T0191,2,NV689,19-Jan-18,NV6576,19-Jan-18
T0192,2,NV689,19-Jan-18,NV6576,19-Jan-18
T0193,2,NV689,19-Jan-18,NV6612,19-Jan-18
T0194,1,NV689,19-Jan-18,NV6577,19-Jan-18
T0195,2,NV689,19-Jan-18,NV316,19-Jan-18
T0196,2,NV689,19-Jan-18,NV316,19-Jan-18
T0197,2,NV689,19-Jan-18,NV3196,19-Jan-18
T0198,1,NV689,19-Jan-18,NV3552,19-Jan-18
T0199,2,NV689,19-Jan-18,NV6172,19-Jan-18
T0200,2,NV689,19-Jan-18,NV6172,19-Jan-18
T0201,1,NV689,19-Jan-18,NV6172,19-Jan-18
T0202,2,NV6157,19-Jan-18,NV634,19-Jan-18
T0203,2,NV6157,19-Jan-18,NV698,19-Jan-18
T0204,2,NV6157,19-Jan-18,NV698,19-Jan-18
T0205,2,NV6157,19-Jan-18,NV828,19-Jan-18
T0206,2,NV6157,19-Jan-18,NV828,19-Jan-18
T0207,2,NV6157,19-Jan-18,NV828,19-Jan-18
T0208,2,NV6157,19-Jan-18,NV828,19-Jan-18
T0209,2,NV6157,19-Jan-18,NV828,19-Jan-18
T0210,2,NV6157,19-Jan-18,NV828,19-Jan-18
T0211,2,NV6157,19-Jan-18,NV828,19-Jan-18
T0212,2,NV6157,19-Jan-18,NV828,19-Jan-18
T0213,2,NV6157,19-Jan-18,NV828,19-Jan-18
T0214,2,NV6157,19-Jan-18,NV828,19-Jan-18
T0215,1,NV6157,19-Jan-18,NV828,19-Jan-18
T0216,2,NV665,19-Jan-18,NV6532,19-Jan-18
T0217,2,NV665,19-Jan-18,NV336,19-Jan-18
T0218,1,NV665,19-Jan-18,NV336,19-Jan-18
T0219,2,NV665,19-Jan-18,NV6152,19-Jan-18
T0220,1,NV665,19-Jan-18,NV812,19-Jan-18
T0221,2,NV665,19-Jan-18,NV6612,19-Jan-18
T0222,2,NV665,19-Jan-18,NV6612,19-Jan-18
T0223,2,NV665,19-Jan-18,NV6612,19-Jan-18
T0224,2,NV665,19-Jan-18,NV6612,19-Jan-18
T0225,2,NV665,19-Jan-18,NV6612,19-Jan-18
T0226,2,NV665,19-Jan-18,NV6612,19-Jan-18
T0227,2,NV665,19-Jan-18,NV6612,19-Jan-18
T0228,2,NV665,19-Jan-18,NV6612,19-Jan-18
T0229,2,NV665,19-Jan-18,NV6612,19-Jan-18
T0230,2,NV665,19-Jan-18,NV6612,19-Jan-18
T0231,2,NV665,19-Jan-18,NV6577,19-Jan-18
T0232,2,NV665,19-Jan-18,NV3552,19-Jan-18
T0233,2,NV665,19-Jan-18,NV3552,19-Jan-18
T0234,2,NV665,19-Jan-18,GN0628,19-Jan-18
T0235,2,NV665,19-Jan-18,GN0628,19-Jan-18
T0236,2,NV665,19-Jan-18,GN0628,19-Jan-18
T0237,2,NV665,19-Jan-18,GN0628,19-Jan-18
T0238,1,NV665,19-Jan-18,GN0628,19-Jan-18
T0239,1,NV665,19-Jan-18,NV632,19-Jan-18
T0240,1,NV393,19-Jan-18,NV6152,19-Jan-18
T0241,2,NV393,19-Jan-18,NV668,19-Jan-18
T0242,2,NV393,19-Jan-18,NV668,19-Jan-18
T0243,1,NV393,19-Jan-18,NV668,19-Jan-18
T0244,2,NV393,19-Jan-18,NV6612,19-Jan-18
T0245,2,NV393,19-Jan-18,NV6160,19-Jan-18
T0246,2,NV393,19-Jan-18,NV6160,19-Jan-18
T0247,1,NV393,19-Jan-18,NV6172,19-Jan-18
T0248,2,NV393,19-Jan-18,NV828,19-Jan-18
T0249,2,NV393,19-Jan-18,NV828,19-Jan-18
T0250,2,NV393,19-Jan-18,NV828,19-Jan-18
T0251,2,NV393,19-Jan-18,NV318,19-Jan-18
T0252,2,NV393,19-Jan-18,NV318,19-Jan-18
T0253,2,NV393,19-Jan-18,NV318,19-Jan-18
T0254,1,NV393,19-Jan-18,NV318,19-Jan-18
T0255,1,NV659,19-Jan-18,NV6230,19-Jan-18
T0256,1,NV659,19-Jan-18,NV336,19-Jan-18
T0257,2,NV659,19-Jan-18,NV6152,19-Jan-18
T0258,1,NV659,19-Jan-18,NV6152,19-Jan-18
T0259,1,NV659,19-Jan-18,NV630,19-Jan-18
T0260,1,NV659,19-Jan-18,NV668,19-Jan-18
T0261,2,NV659,19-Jan-18,NV6577,19-Jan-18
T0262,2,NV659,19-Jan-18,NV6577,19-Jan-18
T0263,2,NV659,19-Jan-18,NV6577,19-Jan-18
T0264,2,NV659,19-Jan-18,NV6577,19-Jan-18
T0265,2,NV659,19-Jan-18,NV6577,19-Jan-18
T0266,2,NV659,19-Jan-18,NV6577,19-Jan-18
T0267,2,NV659,19-Jan-18,NV6577,19-Jan-18
T0268,2,NV659,19-Jan-18,NV6160,19-Jan-18
T0269,2,NV659,19-Jan-18,NV6160,19-Jan-18
T0270,2,NV659,19-Jan-18,NV6160,19-Jan-18
T0271,2,NV659,19-Jan-18,NV6160,19-Jan-18
T0272,2,NV659,19-Jan-18,NV6160,19-Jan-18
T0273,2,NV659,19-Jan-18,NV6160,19-Jan-18
T0274,2,NV659,19-Jan-18,NV6160,19-Jan-18
T0275,2,NV659,19-Jan-18,NV6160,19-Jan-18
T0276,2,NV659,19-Jan-18,NV6160,19-Jan-18
T0277,2,NV659,19-Jan-18,NV6160,19-Jan-18
T0278,2,NV659,19-Jan-18,NV6172,19-Jan-18
T0279,2,NV659,19-Jan-18,NV6172,19-Jan-18
T0280,2,NV659,19-Jan-18,NV6172,19-Jan-18
T0281,2,NV659,19-Jan-18,NV6172,19-Jan-18
T0282,1,NV659,19-Jan-18,NV6172,19-Jan-18
T0283,2,NV659,19-Jan-18,NV628,19-Jan-18
T0284,2,NV659,19-Jan-18,NV6656,19-Jan-18
T0285,2,NV659,19-Jan-18,NV602,19-Jan-18
T0286,2,NV659,19-Jan-18,NV602,19-Jan-18
T0287,2,NV659,19-Jan-18,NV602,19-Jan-18
T0288,2,NV659,19-Jan-18,NV698,19-Jan-18
T0289,2,NV659,19-Jan-18,NV698,19-Jan-18
T0290,2,NV659,19-Jan-18,NV698,19-Jan-18
T0291,2,NV659,19-Jan-18,NV698,19-Jan-18
T0292,2,NV659,19-Jan-18,NV698,19-Jan-18
T0293,1,NV659,19-Jan-18,NV698,19-Jan-18
T0294,2,NV659,19-Jan-18,NV828,19-Jan-18
T0295,2,NV659,19-Jan-18,NV828,19-Jan-18
T0296,2,NV659,19-Jan-18,NV828,19-Jan-18
T0297,2,NV659,19-Jan-18,NV828,19-Jan-18
T0298,2,NV659,19-Jan-18,NV828,19-Jan-18
T0299,2,NV659,19-Jan-18,NV828,19-Jan-18
T0300,2,NV659,19-Jan-18,NV828,19-Jan-18
T0301,2,NV659,19-Jan-18,NV828,19-Jan-18
T0302,2,NV659,19-Jan-18,NV828,19-Jan-18
T0303,2,NV659,19-Jan-18,NV828,19-Jan-18
T0304,2,NV659,19-Jan-18,NV828,19-Jan-18
T0305,2,NV659,19-Jan-18,NV828,19-Jan-18
T0306,2,NV659,19-Jan-18,NV828,19-Jan-18
T0307,2,NV659,19-Jan-18,NV828,19-Jan-18
T0308,2,NV659,19-Jan-18,NV828,19-Jan-18
T0309,1,NV659,19-Jan-18,NV828,19-Jan-18
T0310,2,NV659,19-Jan-18,NV318,19-Jan-18
T0311,2,NV659,19-Jan-18,NV318,19-Jan-18
T0312,2,NV659,19-Jan-18,NV318,19-Jan-18
T0313,2,NV659,19-Jan-18,NV318,19-Jan-18
T0314,2,NV659,19-Jan-18,NV318,19-Jan-18
T0315,2,NV659,19-Jan-18,NV318,19-Jan-18
T0316,2,NV659,19-Jan-18,NV318,19-Jan-18
T0317,2,NV659,19-Jan-18,NV318,19-Jan-18
T0318,2,NV659,19-Jan-18,NV318,19-Jan-18
T0319,2,NV331,19-Jan-18,NV6576,19-Jan-18
T0320,2,NV331,19-Jan-18,NV6577,19-Jan-18
T0321,2,NV331,19-Jan-18,NV6577,19-Jan-18
T0322,2,NV331,19-Jan-18,NV6577,19-Jan-18
T0323,2,NV331,19-Jan-18,NV6577,19-Jan-18
T0324,2,NV331,19-Jan-18,NV6577,19-Jan-18
T0325,2,NV331,19-Jan-18,NV6577,19-Jan-18
T0326,1,NV331,19-Jan-18,NV6577,19-Jan-18
T0327,1,NV331,19-Jan-18,NV6160,19-Jan-18
T0328,2,NV331,19-Jan-18,NV3552,19-Jan-18
T0329,1,NV331,19-Jan-18,NV6172,19-Jan-18
T0330,1,NV331,19-Jan-18,NV6536,19-Jan-18
T0331,2,NV331,19-Jan-18,NV6622,19-Jan-18
T0332,1,NV6700,19-Jan-18,NV3280,19-Jan-18
T0333,1,NV6700,19-Jan-18,NV626,19-Jan-18
T0334,2,NV6700,19-Jan-18,NV6172,19-Jan-18
T0335,2,NV6700,19-Jan-18,NV6172,19-Jan-18
T0336,1,NV6700,19-Jan-18,NV6172,19-Jan-18
T0337,2,NV6700,19-Jan-18,NV628,19-Jan-18
T0338,1,NV6700,19-Jan-18,NV628,19-Jan-18
T0339,2,NV6700,19-Jan-18,NV820,19-Jan-18
T0340,1,NV6700,19-Jan-18,NV662,19-Jan-18
T0341,2,NV3992,19-Jan-18,NV628,19-Jan-18
T0342,1,NV3992,19-Jan-18,NV628,19-Jan-18
T0343,2,NV3992,19-Jan-18,NV698,19-Jan-18
T0344,1,NV3992,19-Jan-18,NV698,19-Jan-18
T0345,1,NV3992,19-Jan-18,NV820,19-Jan-18
T0346,2,NV3992,19-Jan-18,NV828,19-Jan-18
T0347,2,NV3992,19-Jan-18,NV828,19-Jan-18
T0348,2,NV3992,19-Jan-18,NV318,19-Jan-18
T0349,2,NV3992,19-Jan-18,NV318,19-Jan-18
T0350,2,NV3992,19-Jan-18,NV318,19-Jan-18
T0351,2,NV3992,19-Jan-18,NV318,19-Jan-18
T0352,1,NV3992,19-Jan-18,NV318,19-Jan-18
T0353,2,NV3992,19-Jan-18,NV346,19-Jan-18
T0354,1,NV3992,19-Jan-18,NV346,19-Jan-18
T0355,1,NV3992,19-Jan-18,NV6144,19-Jan-18
T0356,2,NV6135,19-Jan-18,NV602,19-Jan-18
T0357,2,NV6135,19-Jan-18,NV828,19-Jan-18
T0358,1,NV6135,19-Jan-18,NV828,19-Jan-18
T0359,2,NV6135,19-Jan-18,NV318,19-Jan-18
T0360,2,NV6135,19-Jan-18,NV670,19-Jan-18
T0361,1,NV6135,19-Jan-18,NV662,19-Jan-18
T0362,2,NV6135,19-Jan-18,NV694,19-Jan-18
T0363,2,NV6135,19-Jan-18,NV694,19-Jan-18
T0364,2,NV6135,19-Jan-18,NV694,19-Jan-18
T0365,2,NV6135,19-Jan-18,NV694,19-Jan-18
T0366,2,NV6135,19-Jan-18,NV694,19-Jan-18
T0367,2,NV6135,19-Jan-18,NV694,19-Jan-18
T0368,2,NV6135,19-Jan-18,NV694,19-Jan-18
T0369,2,NV6135,19-Jan-18,NV694,19-Jan-18
T0370,2,NV6135,19-Jan-18,NV694,19-Jan-18
T0371,2,NV6135,19-Jan-18,NV694,19-Jan-18
T0372,2,NV6135,19-Jan-18,NV694,19-Jan-18
T0373,2,NV6135,19-Jan-18,NV694,19-Jan-18
T0374,1,NV6135,19-Jan-18,NV692,19-Jan-18
T0375,1,NV6577,19-Jan-18,NV6656,19-Jan-18
T0376,1,NV6577,19-Jan-18,NV820,19-Jan-18
T0377,1,NV6577,19-Jan-18,NV828,19-Jan-18
T0378,1,NV6577,19-Jan-18,NV632,19-Jan-18
T0379,2,NV6577,19-Jan-18,NV318,19-Jan-18
T0380,2,NV6577,19-Jan-18,NV858,19-Jan-18
T0381,2,NV6697,19-Jan-18,NV6172,19-Jan-18
T0382,1,NV6697,19-Jan-18,NV628,19-Jan-18
T0383,1,NV6697,19-Jan-18,NV6752,19-Jan-18
T0384,2,NV6697,19-Jan-18,NV602,19-Jan-18
T0385,2,NV6697,19-Jan-18,NV602,19-Jan-18
T0386,2,NV6697,19-Jan-18,NV602,19-Jan-18
T0387,2,NV6697,19-Jan-18,NV602,19-Jan-18
T0388,2,NV6697,19-Jan-18,NV602,19-Jan-18
T0389,2,NV6697,19-Jan-18,NV698,19-Jan-18
T0390,1,NV6697,19-Jan-18,NV820,19-Jan-18
T0391,2,NV6697,19-Jan-18,NV6144,19-Jan-18
T0392,2,NV6697,19-Jan-18,NV670,19-Jan-18
T0393,2,NV6697,19-Jan-18,NV670,19-Jan-18
T0394,2,NV6697,19-Jan-18,NV898,19-Jan-18
T0395,2,NV6697,19-Jan-18,NV898,19-Jan-18
T0396,2,NV6697,19-Jan-18,NV898,19-Jan-18
T0397,2,NV6697,19-Jan-18,NV898,19-Jan-18
T0398,2,NV6697,19-Jan-18,NV898,19-Jan-18
T0399,2,NV6697,19-Jan-18,NV898,19-Jan-18
T0400,2,NV6697,19-Jan-18,NV898,19-Jan-18
T0401,2,NV6697,19-Jan-18,NV898,19-Jan-18
T0402,1,NV6697,19-Jan-18,NV898,19-Jan-18
T0403,2,NV6697,19-Jan-18,NV640,19-Jan-18
T0404,1,NV6579,19-Jan-18,NV6160,19-Jan-18
T0405,2,NV6579,19-Jan-18,NV6172,19-Jan-18
T0406,1,NV6579,19-Jan-18,NV6172,19-Jan-18
T0407,2,NV6579,19-Jan-18,NV628,19-Jan-18
T0408,2,NV6579,19-Jan-18,NV628,19-Jan-18
T0409,1,NV6579,19-Jan-18,NV628,19-Jan-18
T0410,2,NV6579,19-Jan-18,NV820,19-Jan-18
T0411,1,NV6579,19-Jan-18,NV820,19-Jan-18
T0412,2,NV6579,19-Jan-18,NV632,19-Jan-18
T0413,2,NV6579,19-Jan-18,NV632,19-Jan-18
T0414,1,NV6579,19-Jan-18,NV632,19-Jan-18
T0415,1,NV6579,19-Jan-18,NV318,19-Jan-18
T0416,2,NV6579,19-Jan-18,NV858,19-Jan-18
T0417,1,NV6579,19-Jan-18,NV670,19-Jan-18
T0418,1,NV6579,19-Jan-18,NV898,19-Jan-18
T0419,2,NV6579,19-Jan-18,NV640,19-Jan-18
T0420,1,NV6579,19-Jan-18,NV640,19-Jan-18
T0421,2,NV6645,19-Jan-18,NV602,19-Jan-18
T0422,1,NV6645,19-Jan-18,NV602,19-Jan-18
T0423,2,NV6645,19-Jan-18,NV618,19-Jan-18
T0424,1,NV6645,19-Jan-18,NV618,19-Jan-18
T0425,2,NV6645,19-Jan-18,NV698,19-Jan-18
T0426,1,NV6645,19-Jan-18,NV698,19-Jan-18
T0427,2,NV6645,19-Jan-18,NV828,19-Jan-18
T0428,1,NV6645,19-Jan-18,NV828,19-Jan-18
T0429,1,NV6645,19-Jan-18,NV318,19-Jan-18
T0430,2,NV6645,19-Jan-18,NV614,19-Jan-18
T0431,1,NV6645,19-Jan-18,NV614,19-Jan-18
T0432,1,NV6645,19-Jan-18,NV670,19-Jan-18
T0433,1,NV6645,19-Jan-18,NV662,19-Jan-18
T0434,1,NV3620,19-Jan-18,NV698,19-Jan-18
T0435,1,NV3620,19-Jan-18,NV828,19-Jan-18
T0436,2,NV3620,19-Jan-18,NV318,19-Jan-18
T0437,1,NV3620,19-Jan-18,NV670,19-Jan-18
T0438,1,NV3620,19-Jan-18,NV640,19-Jan-18
T0439,2,NV6623,19-Jan-18,NV618,19-Jan-18
T0440,2,NV6623,19-Jan-18,NV618,19-Jan-18
T0441,2,NV6623,19-Jan-18,NV618,19-Jan-18
T0442,2,NV6623,19-Jan-18,NV618,19-Jan-18
T0443,2,NV6623,19-Jan-18,NV698,19-Jan-18
T0444,1,NV6623,19-Jan-18,NV828,19-Jan-18
T0445,2,NV6623,19-Jan-18,NV318,19-Jan-18
T0446,2,NV6623,19-Jan-18,NV318,19-Jan-18
T0447,2,NV6623,19-Jan-18,NV346,19-Jan-18
T0448,2,NV6623,19-Jan-18,NV346,19-Jan-18
T0449,2,NV6623,19-Jan-18,NV614,19-Jan-18
T0450,2,NV6623,19-Jan-18,NV6148,19-Jan-18
T0451,2,NV6623,19-Jan-18,NV6148,19-Jan-18
T0452,2,NV6623,19-Jan-18,NV670,19-Jan-18
T0453,1,NV628,19-Jan-18,NV3120,19-Jan-18
T0454,1,NV628,19-Jan-18,NV602,19-Jan-18
T0455,2,NV628,19-Jan-18,NV828,19-Jan-18
T0456,1,NV628,19-Jan-18,NV828,19-Jan-18
T0457,2,NV628,19-Jan-18,NV632,19-Jan-18
T0458,1,NV628,19-Jan-18,NV318,19-Jan-18
T0459,2,NV628,19-Jan-18,NV346,19-Jan-18
T0460,2,NV628,19-Jan-18,NV6148,19-Jan-18
T0461,2,NV628,19-Jan-18,NV6148,19-Jan-18
T0462,1,NV628,19-Jan-18,NV6148,19-Jan-18
T0463,2,NV628,19-Jan-18,NV670,19-Jan-18
T0464,2,NV628,19-Jan-18,NV670,19-Jan-18
T0465,2,NV628,19-Jan-18,NV670,19-Jan-18
T0466,1,NV628,19-Jan-18,NV670,19-Jan-18
T0467,1,NV628,19-Jan-18,NV3194,19-Jan-18
T0468,1,NV628,19-Jan-18,NV662,19-Jan-18
T0469,2,NV6313,19-Jan-18,NV6656,19-Jan-18
T0470,2,NV6313,19-Jan-18,NV6656,19-Jan-18
T0471,1,NV6313,19-Jan-18,NV6656,19-Jan-18
T0472,2,NV6313,19-Jan-18,NV6622,19-Jan-18
T0473,2,NV6313,19-Jan-18,NV6770,19-Jan-18
T0474,1,NV6313,19-Jan-18,NV6770,19-Jan-18
T0475,1,NV6313,19-Jan-18,NV6144,19-Jan-18
T0476,2,NV6313,19-Jan-18,NV640,19-Jan-18
T0477,2,NV698,19-Jan-18,NV602,19-Jan-18
T0478,2,NV698,19-Jan-18,NV602,19-Jan-18
T0479,1,NV698,19-Jan-18,NV602,19-Jan-18
T0480,2,NV698,19-Jan-18,NV828,19-Jan-18
T0481,2,NV698,19-Jan-18,NV828,19-Jan-18
T0482,2,NV698,19-Jan-18,NV828,19-Jan-18
T0483,2,NV698,19-Jan-18,NV6144,19-Jan-18
T0484,2,NV698,19-Jan-18,NV6144,19-Jan-18
T0485,2,NV698,19-Jan-18,NV6144,19-Jan-18
T0486,2,NV698,19-Jan-18,NV6148,19-Jan-18
T0487,2,NV698,19-Jan-18,NV6148,19-Jan-18
T0488,2,NV698,19-Jan-18,NV640,19-Jan-18
T0489,1,NV698,19-Jan-18,NV640,19-Jan-18
T0490,1,NV698,19-Jan-18,NV662,19-Jan-18
T0491,1,NV698,19-Jan-18,NV398,19-Jan-18
T0492,1,NV6773,19-Jan-18,NV3120,19-Jan-18
T0493,2,NV6773,19-Jan-18,NV618,19-Jan-18
T0494,2,NV6773,19-Jan-18,NV618,19-Jan-18
T0495,2,NV6773,19-Jan-18,NV618,19-Jan-18
T0496,2,NV6773,19-Jan-18,NV618,19-Jan-18
T0497,2,NV6773,19-Jan-18,NV618,19-Jan-18
T0498,1,NV6773,19-Jan-18,NV618,19-Jan-18
T0499,2,NV6773,19-Jan-18,NV828,19-Jan-18
T0500,1,NV6773,19-Jan-18,NV828,19-Jan-18
T0501,2,NV6773,19-Jan-18,NV318,19-Jan-18
T0502,2,NV6773,19-Jan-18,NV346,19-Jan-18
T0503,2,NV6773,19-Jan-18,NV346,19-Jan-18
T0504,2,NV6773,19-Jan-18,NV346,19-Jan-18
T0505,2,NV6773,19-Jan-18,NV346,19-Jan-18
T0506,1,NV6773,19-Jan-18,NV346,19-Jan-18
T0507,1,NV6773,19-Jan-18,NV6118,19-Jan-18
T0508,2,NV6773,19-Jan-18,NV670,19-Jan-18
T0509,1,NV6773,19-Jan-18,NV670,19-Jan-18
T0510,1,NV6773,19-Jan-18,NV6713,19-Jan-18
T0511,2,NV6773,19-Jan-18,NV3118,19-Jan-18
T0512,2,NV6773,19-Jan-18,NV398,19-Jan-18
T0513,2,NV6773,19-Jan-18,NV398,19-Jan-18
T0514,1,NV6773,19-Jan-18,NV694,19-Jan-18
T0515,2,NV6773,19-Jan-18,NV342,19-Jan-18
T0516,2,NV6773,19-Jan-18,NV342,19-Jan-18
T0517,2,NV6773,19-Jan-18,NV342,19-Jan-18
T0518,2,NV6773,19-Jan-18,NV342,19-Jan-18
T0519,2,NV6773,19-Jan-18,NV342,19-Jan-18
T0520,2,NV6773,19-Jan-18,NV342,19-Jan-18
T0521,1,NV3513,19-Jan-18,NV6390,19-Jan-18
T0522,2,NV3513,19-Jan-18,NV318,19-Jan-18
T0523,2,NV3513,19-Jan-18,NV6118,19-Jan-18
T0524,2,NV3513,19-Jan-18,NV690,19-Jan-18
T0525,2,NV3513,19-Jan-18,NV690,19-Jan-18
T0526,2,NV602,19-Jan-18,NV6752,19-Jan-18
T0527,2,NV602,19-Jan-18,NV6752,19-Jan-18
T0528,2,NV602,19-Jan-18,NV6752,19-Jan-18
T0529,2,NV602,19-Jan-18,NV6752,19-Jan-18
T0530,1,NV602,19-Jan-18,NV6752,19-Jan-18
T0531,2,NV602,19-Jan-18,NV6656,19-Jan-18
T0532,2,NV602,19-Jan-18,NV6656,19-Jan-18
T0533,2,NV602,19-Jan-18,NV632,19-Jan-18
T0534,2,NV602,19-Jan-18,NV632,19-Jan-18
T0535,2,NV602,19-Jan-18,NV6144,19-Jan-18
T0536,2,NV602,19-Jan-18,NV6144,19-Jan-18
T0537,2,NV602,19-Jan-18,NV6144,19-Jan-18
T0538,1,NV602,19-Jan-18,NV6144,19-Jan-18
T0539,1,NV602,19-Jan-18,NV858,19-Jan-18
T0540,1,NV602,19-Jan-18,NV640,19-Jan-18
T0541,2,NV6655,19-Jan-18,NV618,19-Jan-18
T0542,1,NV6655,19-Jan-18,NV618,19-Jan-18
T0543,1,NV6655,19-Jan-18,NV632,19-Jan-18
T0544,2,NV6655,19-Jan-18,NV318,19-Jan-18
T0545,2,NV6655,19-Jan-18,NV614,19-Jan-18
T0546,1,NV6655,19-Jan-18,NV6148,19-Jan-18
T0547,1,NV6655,19-Jan-18,NV670,19-Jan-18
T0548,2,NV6655,19-Jan-18,NV6713,19-Jan-18
T0549,2,NV6655,19-Jan-18,NV6713,19-Jan-18
T0550,1,NV6655,19-Jan-18,NV6713,19-Jan-18
T0551,2,NV6655,19-Jan-18,NV640,19-Jan-18
T0552,2,NV6655,19-Jan-18,NV342,19-Jan-18
T0553,1,NV6533,19-Jan-18,NV602,19-Jan-18
T0554,2,NV6533,19-Jan-18,NV820,19-Jan-18
T0555,2,NV6533,19-Jan-18,NV828,19-Jan-18
T0556,2,NV6533,19-Jan-18,NV828,19-Jan-18
T0557,1,NV6533,19-Jan-18,NV828,19-Jan-18
T0558,1,NV6533,19-Jan-18,NV632,19-Jan-18
T0559,1,NV6533,19-Jan-18,NV858,19-Jan-18
T0560,2,NV6533,19-Jan-18,NV6148,19-Jan-18
T0561,2,NV6163,19-Jan-18,NV698,19-Jan-18
T0562,2,NV6163,19-Jan-18,NV698,19-Jan-18
T0563,1,NV6163,19-Jan-18,NV828,19-Jan-18
T0564,2,NV6163,19-Jan-18,NV318,19-Jan-18
T0565,1,NV6163,19-Jan-18,NV305,19-Jan-18
T0566,1,NV6163,19-Jan-18,NV662,19-Jan-18
T0567,1,NV6163,19-Jan-18,NV694,19-Jan-18
T0568,2,NV6163,19-Jan-18,NV342,19-Jan-18
T0569,2,NV6163,19-Jan-18,NV342,19-Jan-18
T0570,2,NV6163,19-Jan-18,NV342,19-Jan-18
T0571,2,NV6163,19-Jan-18,NV342,19-Jan-18
T0572,2,NV6163,19-Jan-18,NV342,19-Jan-18
T0573,2,NV6163,19-Jan-18,NV342,19-Jan-18
T0574,2,NV6163,19-Jan-18,NV342,19-Jan-18
T0575,2,NV6163,19-Jan-18,NV674,19-Jan-18
T0576,1,NV6163,19-Jan-18,NV674,19-Jan-18
T0577,1,NV6163,19-Jan-18,NV676,19-Jan-18
T0578,2,NV6625,19-Jan-18,NV690,19-Jan-18
T0579,1,GN0413,19-Jan-18,NV698,19-Jan-18
T0580,1,GN0413,19-Jan-18,NV690,19-Jan-18
T0581,1,NV6479,19-Jan-18,NV602,19-Jan-18
T0582,1,NV6479,19-Jan-18,NV698,19-Jan-18
T0583,1,NV6479,19-Jan-18,NV828,19-Jan-18
T0584,1,NV6479,19-Jan-18,NV318,19-Jan-18
T0585,2,NV6479,19-Jan-18,NV858,19-Jan-18
T0586,1,NV6479,19-Jan-18,NV6148,19-Jan-18
T0587,1,NV6479,19-Jan-18,NV670,19-Jan-18
T0588,2,NV6479,19-Jan-18,NV640,19-Jan-18
T0589,2,NV6479,19-Jan-18,NV640,19-Jan-18
T0590,2,NV6479,19-Jan-18,NV640,19-Jan-18
T0591,1,NV6479,19-Jan-18,NV690,19-Jan-18
T0592,1,NV837,19-Jan-18,NV828,19-Jan-18
T0593,2,NV837,19-Jan-18,NV670,19-Jan-18
T0594,2,NV837,19-Jan-18,NV670,19-Jan-18
T0595,1,NV837,19-Jan-18,NV898,19-Jan-18
T0596,2,NV837,19-Jan-18,NV640,19-Jan-18
T0597,2,NV837,19-Jan-18,NV640,19-Jan-18
T0598,1,NV6294,19-Jan-18,NV698,19-Jan-18
T0599,2,NV6294,19-Jan-18,NV828,19-Jan-18
T0600,2,NV6294,19-Jan-18,NV828,19-Jan-18
T0601,1,NV6294,19-Jan-18,NV828,19-Jan-18
T0602,2,NV6294,19-Jan-18,NV346,19-Jan-18
T0603,2,NV6294,19-Jan-18,NV346,19-Jan-18
T0604,1,NV6294,19-Jan-18,NV346,19-Jan-18
T0605,2,NV6294,19-Jan-18,NV6118,19-Jan-18
T0606,2,NV6294,19-Jan-18,NV6148,19-Jan-18
T0607,2,NV6294,19-Jan-18,NV6148,19-Jan-18
T0608,1,NV6294,19-Jan-18,NV6148,19-Jan-18
T0609,2,NV6294,19-Jan-18,NV670,19-Jan-18
T0610,1,NV6294,19-Jan-18,NV670,19-Jan-18
T0611,1,NV6294,19-Jan-18,NV898,19-Jan-18
T0612,2,NV6294,19-Jan-18,NV640,19-Jan-18
T0613,1,NV6294,19-Jan-18,NV662,19-Jan-18
T0614,2,NV6294,19-Jan-18,NV398,19-Jan-18
T0615,2,NV6294,19-Jan-18,NV398,19-Jan-18
T0616,2,NV6294,19-Jan-18,NV398,19-Jan-18
T0617,2,NV6294,19-Jan-18,NV398,19-Jan-18
T0618,2,NV6294,19-Jan-18,NV398,19-Jan-18
T0619,2,NV6294,19-Jan-18,NV398,19-Jan-18
T0620,2,NV6294,19-Jan-18,NV398,19-Jan-18
T0621,2,NV6294,19-Jan-18,NV398,19-Jan-18
T0622,2,NV6294,19-Jan-18,NV398,19-Jan-18
T0623,2,NV6294,19-Jan-18,NV398,19-Jan-18
T0624,2,NV6294,19-Jan-18,NV398,19-Jan-18
T0625,2,NV6294,19-Jan-18,NV398,19-Jan-18
T0626,1,NV6294,19-Jan-18,NV398,19-Jan-18
T0627,2,NV6294,19-Jan-18,NV610,19-Jan-18
T0628,2,NV6294,19-Jan-18,NV694,19-Jan-18
T0629,2,NV6294,19-Jan-18,NV694,19-Jan-18
T0630,2,NV6294,19-Jan-18,NV694,19-Jan-18
T0631,2,NV6294,19-Jan-18,NV694,19-Jan-18
T0632,2,NV6294,19-Jan-18,NV694,19-Jan-18
T0633,2,NV6294,19-Jan-18,NV694,19-Jan-18
T0634,2,NV6294,19-Jan-18,NV694,19-Jan-18
T0635,1,NV6294,19-Jan-18,NV694,19-Jan-18
T0636,2,NV6294,19-Jan-18,NV342,19-Jan-18
T0637,2,NV6294,19-Jan-18,NV342,19-Jan-18
T0638,2,NV6294,19-Jan-18,NV342,19-Jan-18
T0639,2,NV6294,19-Jan-18,NV342,19-Jan-18
T0640,2,NV6294,19-Jan-18,NV342,19-Jan-18
T0641,2,NV6294,19-Jan-18,NV342,19-Jan-18
T0642,2,NV6294,19-Jan-18,NV342,19-Jan-18
T0643,2,NV6294,19-Jan-18,NV690,19-Jan-18
T0644,2,NV6294,19-Jan-18,NV690,19-Jan-18
T0645,1,NV898,19-Jan-18,NV828,19-Jan-18
T0646,2,NV898,19-Jan-18,NV858,19-Jan-18
T0647,1,NV898,19-Jan-18,NV858,19-Jan-18
T0648,2,NV898,19-Jan-18,NV670,19-Jan-18
T0649,2,NV898,19-Jan-18,NV670,19-Jan-18
T0650,1,NV898,19-Jan-18,NV690,19-Jan-18
T0651,2,NV6513,19-Jan-18,NV828,19-Jan-18
T0652,1,NV6513,19-Jan-18,NV632,19-Jan-18
T0653,1,NV6513,19-Jan-18,NV318,19-Jan-18
T0654,1,NV6513,19-Jan-18,NV346,19-Jan-18
T0655,2,NV6513,19-Jan-18,NV6148,19-Jan-18
T0656,2,NV6513,19-Jan-18,NV6148,19-Jan-18
T0657,1,NV6513,19-Jan-18,NV670,19-Jan-18
T0658,2,NV6513,19-Jan-18,NV342,19-Jan-18
T0659,1,NV6513,19-Jan-18,NV342,19-Jan-18
T0660,2,NV6443,19-Jan-18,NV828,19-Jan-18
T0661,1,NV6443,19-Jan-18,NV6144,19-Jan-18
T0662,1,NV6443,19-Jan-18,NV640,19-Jan-18
T0663,1,NV3120,19-Jan-18,NV6144,19-Jan-18
T0664,2,NV3120,19-Jan-18,NV858,19-Jan-18
T0665,1,NV3120,19-Jan-18,NV858,19-Jan-18
T0666,1,NV3120,19-Jan-18,NV670,19-Jan-18
T0667,2,NV3120,19-Jan-18,NV640,19-Jan-18
T0668,1,NV3120,19-Jan-18,NV640,19-Jan-18
T0669,2,NV3120,19-Jan-18,NV662,19-Jan-18
T0670,2,NV3120,19-Jan-18,NV662,19-Jan-18
T0671,1,NV3120,19-Jan-18,NV662,19-Jan-18
T0672,2,NV3120,19-Jan-18,NV398,19-Jan-18
T0673,2,NV3120,19-Jan-18,NV398,19-Jan-18
T0674,2,NV3120,19-Jan-18,NV398,19-Jan-18
T0675,1,NV3120,19-Jan-18,NV694,19-Jan-18
T0676,1,NV3120,19-Jan-18,NV692,19-Jan-18
T0677,2,NV3120,19-Jan-18,NV690,19-Jan-18
T0678,2,NV632,19-Jan-18,NV318,19-Jan-18
T0679,1,NV632,19-Jan-18,NV6144,19-Jan-18
T0680,2,NV632,19-Jan-18,NV662,19-Jan-18
T0681,2,NV632,19-Jan-18,NV342,19-Jan-18
T0682,1,NV632,19-Jan-18,NV342,19-Jan-18
T0683,2,NV632,19-Jan-18,NV690,19-Jan-18
T0684,2,NV323,19-Jan-18,NV318,19-Jan-18
T0685,2,NV323,19-Jan-18,NV318,19-Jan-18
T0686,2,NV323,19-Jan-18,NV318,19-Jan-18
T0687,2,NV323,19-Jan-18,NV318,19-Jan-18
T0688,2,NV323,19-Jan-18,NV318,19-Jan-18
T0689,2,NV323,19-Jan-18,NV318,19-Jan-18
T0690,2,NV323,19-Jan-18,NV318,19-Jan-18
T0691,2,NV323,19-Jan-18,NV318,19-Jan-18
T0692,2,NV323,19-Jan-18,NV318,19-Jan-18
T0693,2,NV323,19-Jan-18,NV318,19-Jan-18
T0694,2,NV323,19-Jan-18,NV318,19-Jan-18
T0695,2,NV323,19-Jan-18,NV318,19-Jan-18
T0696,2,NV323,19-Jan-18,NV318,19-Jan-18
T0697,2,NV323,19-Jan-18,NV318,19-Jan-18
T0698,2,NV323,19-Jan-18,NV318,19-Jan-18
T0699,2,NV323,19-Jan-18,NV318,19-Jan-18
T0700,2,NV323,19-Jan-18,NV318,19-Jan-18
T0701,2,NV323,19-Jan-18,NV318,19-Jan-18
T0702,2,NV323,19-Jan-18,NV318,19-Jan-18
T0703,2,NV323,19-Jan-18,NV318,19-Jan-18
T0704,2,NV323,19-Jan-18,NV318,19-Jan-18
T0705,2,NV323,19-Jan-18,NV318,19-Jan-18
T0706,2,NV323,19-Jan-18,NV318,19-Jan-18
T0707,2,NV323,19-Jan-18,NV318,19-Jan-18
T0708,2,NV323,19-Jan-18,NV318,19-Jan-18
T0709,2,NV323,19-Jan-18,NV318,19-Jan-18
T0710,2,NV323,19-Jan-18,NV318,19-Jan-18
T0711,1,NV323,19-Jan-18,NV318,19-Jan-18
T0712,2,NV323,19-Jan-18,NV670,19-Jan-18
T0713,2,NV323,19-Jan-18,NV898,19-Jan-18
T0714,2,NV323,19-Jan-18,NV694,19-Jan-18
T0715,2,NV323,19-Jan-18,NV694,19-Jan-18
T0716,2,NV323,19-Jan-18,NV694,19-Jan-18
T0717,2,NV323,19-Jan-18,NV694,19-Jan-18
T0718,2,NV323,19-Jan-18,NV694,19-Jan-18
T0719,2,NV323,19-Jan-18,NV692,19-Jan-18
T0720,2,NV323,19-Jan-18,NV692,19-Jan-18
T0721,2,NV323,19-Jan-18,NV692,19-Jan-18
T0722,2,NV323,19-Jan-18,NV692,19-Jan-18
T0723,2,NV323,19-Jan-18,NV692,19-Jan-18
T0724,2,NV323,19-Jan-18,NV692,19-Jan-18
T0725,2,NV323,19-Jan-18,NV692,19-Jan-18
T0726,2,NV323,19-Jan-18,NV692,19-Jan-18
T0727,2,NV323,19-Jan-18,NV692,19-Jan-18
T0728,1,NV323,19-Jan-18,NV692,19-Jan-18
T0729,2,NV323,19-Jan-18,NV690,19-Jan-18
T0730,2,NV323,19-Jan-18,NV690,19-Jan-18
T0731,2,NV323,19-Jan-18,NV690,19-Jan-18
T0732,2,NV323,19-Jan-18,NV690,19-Jan-18
T0733,2,NV323,19-Jan-18,NV690,19-Jan-18
T0734,2,NV323,19-Jan-18,NV690,19-Jan-18
T0735,2,NV323,19-Jan-18,NV690,19-Jan-18
T0736,1,NV687,19-Jan-18,NV6316,19-Jan-18
T0737,2,NV687,19-Jan-18,NV670,19-Jan-18
T0738,1,NV687,19-Jan-18,NV670,19-Jan-18
T0739,1,NV687,19-Jan-18,NV6488,19-Jan-18
T0740,2,NV687,19-Jan-18,NV342,19-Jan-18
T0741,1,NV687,19-Jan-18,NV3703,19-Jan-18
T0742,1,NV687,19-Jan-18,NV690,19-Jan-18
T0743,2,NV6731,19-Jan-18,NV318,19-Jan-18
T0744,1,NV6731,19-Jan-18,NV318,19-Jan-18
T0745,2,NV6731,19-Jan-18,NV614,19-Jan-18
T0746,2,NV6731,19-Jan-18,NV614,19-Jan-18
T0747,2,NV6731,19-Jan-18,NV614,19-Jan-18
T0748,2,NV6731,19-Jan-18,NV614,19-Jan-18
T0749,2,NV6731,19-Jan-18,NV614,19-Jan-18
T0750,1,NV6731,19-Jan-18,NV6148,19-Jan-18
T0751,1,NV6731,19-Jan-18,NV662,19-Jan-18
T0752,2,NV6731,19-Jan-18,NV676,19-Jan-18
T0753,2,NV6731,19-Jan-18,NV676,19-Jan-18
T0754,1,NV820,19-Jan-18,NV318,19-Jan-18
T0755,2,NV820,19-Jan-18,NV346,19-Jan-18
T0756,2,NV820,19-Jan-18,NV346,19-Jan-18
T0757,1,NV820,19-Jan-18,NV614,19-Jan-18
T0758,2,NV820,19-Jan-18,NV6148,19-Jan-18
T0759,2,NV820,19-Jan-18,NV640,19-Jan-18
T0760,1,NV820,19-Jan-18,NV640,19-Jan-18
T0761,1,NV820,19-Jan-18,NV662,19-Jan-18
T0762,2,NV820,19-Jan-18,NV676,19-Jan-18
T0763,1,NV858,19-Jan-18,NV318,19-Jan-18
T0764,2,NV858,19-Jan-18,NV6144,19-Jan-18
T0765,2,NV858,19-Jan-18,NV6148,19-Jan-18
T0766,2,NV858,19-Jan-18,NV6148,19-Jan-18
T0767,2,NV858,19-Jan-18,NV6148,19-Jan-18
T0768,2,NV858,19-Jan-18,NV6148,19-Jan-18
T0769,2,NV858,19-Jan-18,NV6148,19-Jan-18
T0770,2,NV858,19-Jan-18,NV6148,19-Jan-18
T0771,1,NV858,19-Jan-18,NV6148,19-Jan-18
T0772,1,NV858,19-Jan-18,NV670,19-Jan-18
T0773,2,NV858,19-Jan-18,NV640,19-Jan-18
T0774,2,NV858,19-Jan-18,NV662,19-Jan-18
T0775,2,NV858,19-Jan-18,NV662,19-Jan-18
T0776,2,NV858,19-Jan-18,NV694,19-Jan-18
T0777,2,NV858,19-Jan-18,NV694,19-Jan-18
T0778,2,NV858,19-Jan-18,NV694,19-Jan-18
T0779,2,NV858,19-Jan-18,NV694,19-Jan-18
T0780,1,NV858,19-Jan-18,NV690,19-Jan-18
T0781,1,NV858,19-Jan-18,NV6198,19-Jan-18
T0782,2,NV6713,19-Jan-18,NV318,19-Jan-18
T0783,2,NV6713,19-Jan-18,NV858,19-Jan-18
T0784,2,NV6713,19-Jan-18,NV858,19-Jan-18
T0785,1,NV6713,19-Jan-18,NV3118,19-Jan-18
T0786,1,NV6713,19-Jan-18,NV640,19-Jan-18
T0787,2,NV6713,19-Jan-18,NV662,19-Jan-18
T0788,1,NV6713,19-Jan-18,NV662,19-Jan-18
T0789,2,NV6713,19-Jan-18,NV398,19-Jan-18
T0790,2,NV6713,19-Jan-18,NV342,19-Jan-18
T0791,2,NV6713,19-Jan-18,NV342,19-Jan-18
T0792,2,NV6713,19-Jan-18,NV342,19-Jan-18
T0793,1,NV6713,19-Jan-18,NV690,19-Jan-18
T0794,2,NV6713,19-Jan-18,NV676,19-Jan-18
T0795,2,NV6713,19-Jan-18,NV676,19-Jan-18
T0796,2,NV6713,19-Jan-18,NV676,19-Jan-18
T0797,2,NV6713,19-Jan-18,NV676,19-Jan-18
T0798,2,NV6713,19-Jan-18,NV676,19-Jan-18
T0799,2,NV6713,19-Jan-18,NV676,19-Jan-18
T0800,2,NV6713,19-Jan-18,NV676,19-Jan-18
T0801,2,NV6713,19-Jan-18,NV676,19-Jan-18
T0802,2,NV6713,19-Jan-18,NV676,19-Jan-18
T0803,2,NV6713,19-Jan-18,NV676,19-Jan-18
T0804,1,NV6713,19-Jan-18,NV676,19-Jan-18
T0805,2,NV303,19-Jan-18,NV305,19-Jan-18
T0806,2,NV303,19-Jan-18,NV305,19-Jan-18
T0807,1,NV303,19-Jan-18,NV305,19-Jan-18
T0808,1,NV303,19-Jan-18,NV610,19-Jan-18
T0809,2,NV303,19-Jan-18,NV6574,19-Jan-18
T0810,1,NV303,19-Jan-18,NV6574,19-Jan-18
T0811,2,NV643,19-Jan-18,NV342,19-Jan-18
T0812,2,NV643,19-Jan-18,NV3703,19-Jan-18
T0813,1,NV643,19-Jan-18,NV3703,19-Jan-18
T0814,2,NV643,19-Jan-18,NV6722,19-Jan-18
T0815,2,NV643,19-Jan-18,NV3269,19-Jan-18
T0816,1,NV643,19-Jan-18,NV674,19-Jan-18
T0817,1,NV643,19-Jan-18,NV676,19-Jan-18
T0818,2,NV305,19-Jan-18,NV303,19-Jan-18
T0819,2,NV305,19-Jan-18,NV342,19-Jan-18
T0820,1,NV305,19-Jan-18,NV6540,19-Jan-18
T0821,1,NV305,19-Jan-18,NV3269,19-Jan-18
T0822,1,NV305,19-Jan-18,NV676,19-Jan-18
T0823,1,NV6148,19-Jan-18,NV640,19-Jan-18
T0824,1,NV6148,19-Jan-18,NV662,19-Jan-18
T0825,1,NV6148,19-Jan-18,NV694,19-Jan-18
T0826,1,NV6148,19-Jan-18,NV690,19-Jan-18
T0827,2,NV6148,19-Jan-18,NV6198,19-Jan-18
T0828,2,NV6148,19-Jan-18,NV6198,19-Jan-18
T0829,2,NV6148,19-Jan-18,NV6198,19-Jan-18
T0830,2,NV6148,19-Jan-18,NV6198,19-Jan-18
T0831,2,NV6148,19-Jan-18,NV6198,19-Jan-18
T0832,1,NV639,19-Jan-18,NV305,19-Jan-18
T0833,2,NV639,19-Jan-18,NV6722,19-Jan-18
T0834,2,NV639,19-Jan-18,NV6722,19-Jan-18
T0835,1,NV639,19-Jan-18,NV6722,19-Jan-18
T0836,2,NV6785,19-Jan-18,NV640,19-Jan-18
T0837,1,NV6785,19-Jan-18,NV662,19-Jan-18
T0838,2,NV6785,19-Jan-18,NV398,19-Jan-18
T0839,2,NV6785,19-Jan-18,NV398,19-Jan-18
T0840,2,NV6785,19-Jan-18,NV398,19-Jan-18
T0841,2,NV6785,19-Jan-18,NV398,19-Jan-18
T0842,2,NV6785,19-Jan-18,NV398,19-Jan-18
T0843,1,NV6785,19-Jan-18,NV398,19-Jan-18
T0844,2,NV6785,19-Jan-18,NV610,19-Jan-18
T0845,2,NV6785,19-Jan-18,NV610,19-Jan-18
T0846,1,NV6785,19-Jan-18,NV610,19-Jan-18
T0847,2,NV6785,19-Jan-18,NV694,19-Jan-18
T0848,1,NV6785,19-Jan-18,NV694,19-Jan-18
T0849,2,NV6785,19-Jan-18,NV692,19-Jan-18
T0850,2,NV6785,19-Jan-18,NV342,19-Jan-18
T0851,2,NV6785,19-Jan-18,NV342,19-Jan-18
T0852,1,NV6785,19-Jan-18,NV342,19-Jan-18
T0853,2,NV6785,19-Jan-18,NV6494,19-Jan-18
T0854,2,NV6785,19-Jan-18,NV6494,19-Jan-18
T0855,2,NV6785,19-Jan-18,NV6494,19-Jan-18
T0856,2,NV6785,19-Jan-18,NV6494,19-Jan-18
T0857,2,NV6785,19-Jan-18,NV6494,19-Jan-18
T0858,1,NV6785,19-Jan-18,NV6494,19-Jan-18
T0859,1,NV6785,19-Jan-18,NV674,19-Jan-18
T0860,2,NV6785,19-Jan-18,NV6198,19-Jan-18
T0861,2,NV6785,19-Jan-18,NV676,19-Jan-18
T0862,2,NV6785,19-Jan-18,NV676,19-Jan-18
T0863,2,NV6785,19-Jan-18,NV676,19-Jan-18
T0864,2,NV6535,19-Jan-18,NV640,19-Jan-18
T0865,2,NV6535,19-Jan-18,NV640,19-Jan-18
T0866,1,NV6535,19-Jan-18,NV694,19-Jan-18
T0867,1,NV6535,19-Jan-18,NV6510,19-Jan-18
T0868,2,NV6535,19-Jan-18,NV690,19-Jan-18
T0869,1,NV6535,19-Jan-18,NV690,19-Jan-18
T0870,2,NV841,19-Jan-18,NV610,19-Jan-18
T0871,1,NV841,19-Jan-18,NV610,19-Jan-18
T0872,2,NV841,19-Jan-18,NV342,19-Jan-18
T0873,2,NV841,19-Jan-18,NV342,19-Jan-18
T0874,1,NV841,19-Jan-18,NV3703,19-Jan-18
T0875,1,NV841,19-Jan-18,NV6540,19-Jan-18
T0876,2,NV841,19-Jan-18,NV6574,19-Jan-18
T0877,2,NV841,19-Jan-18,NV6574,19-Jan-18
T0878,1,NV841,19-Jan-18,NV6574,19-Jan-18
T0879,1,NV841,19-Jan-18,NV6574,19-Jan-18
T0880,2,NV6916,19-Jan-18,NV382,19-Jan-18
T0881,2,NV835,19-Jan-18,NV6722,19-Jan-18
T0882,2,NV835,19-Jan-18,NV6722,19-Jan-18
T0883,2,NV835,19-Jan-18,NV6722,19-Jan-18
T0884,1,NV835,19-Jan-18,NV6722,19-Jan-18
T0885,2,NV835,19-Jan-18,NV690,19-Jan-18
T0886,2,NV835,19-Jan-18,NV6718,19-Jan-18
T0887,2,NV835,19-Jan-18,NV6718,19-Jan-18
T0888,2,NV835,19-Jan-18,NV6718,19-Jan-18
T0889,2,NV835,19-Jan-18,NV6718,19-Jan-18
T0890,2,NV835,19-Jan-18,NV6718,19-Jan-18
T0891,2,NV835,19-Jan-18,NV6718,19-Jan-18
T0892,1,NV835,19-Jan-18,NV6574,19-Jan-18
T0893,2,NV835,19-Jan-18,NV3465,19-Jan-18
T0894,1,NV6749,19-Jan-18,NV6198,19-Jan-18
T0895,1,NV6749,19-Jan-18,NV6116,19-Jan-18
T0896,2,NV867,19-Jan-18,NV690,19-Jan-18
T0897,2,NV867,19-Jan-18,NV690,19-Jan-18
T0898,1,NV867,19-Jan-18,NV382,19-Jan-18
T0899,1,NV867,19-Jan-18,NV686,19-Jan-18
T0900,1,NV3703,19-Jan-18,NV6722,19-Jan-18
T0901,2,NV3703,19-Jan-18,NV674,19-Jan-18
T0902,1,NV3703,19-Jan-18,NV676,19-Jan-18
T0903,2,NV3703,19-Jan-18,NV6718,19-Jan-18
T0904,1,NV3703,19-Jan-18,NV383,19-Jan-18
T0905,2,NV3703,19-Jan-18,NV6374,19-Jan-18
T0906,2,NV3703,19-Jan-18,NV6742,19-Jan-18
T0907,1,NV3703,19-Jan-18,NV6742,19-Jan-18
T0908,1,NV674,19-Jan-18,NV6198,19-Jan-18
T0909,1,NV674,19-Jan-18,NV676,19-Jan-18
T0910,2,NV674,19-Jan-18,NV6170,19-Jan-18
T0911,1,NV674,19-Jan-18,NV6170,19-Jan-18
T0912,2,NV6165,19-Jan-18,NV656,19-Jan-18
T0913,1,NV6165,19-Jan-18,NV656,19-Jan-18
T0914,1,NV3266,19-Jan-18,NV6170,19-Jan-18
T0915,2,NV3266,19-Jan-18,NV686,19-Jan-18
T0916,2,NV3266,19-Jan-18,NV302,19-Jan-18
T0917,1,NV3266,19-Jan-18,NV302,19-Jan-18
T0918,2,NV6155,19-Jan-18,NV6574,19-Jan-18
T0919,2,NV6155,19-Jan-18,NV3465,19-Jan-18
T0920,2,NV6155,19-Jan-18,NV3465,19-Jan-18
T0921,2,NV6155,19-Jan-18,NV656,19-Jan-18
T0922,2,NV6155,19-Jan-18,NV656,19-Jan-18
T0923,2,NV6155,19-Jan-18,NV656,19-Jan-18
T0924,2,NV6155,19-Jan-18,NV6742,19-Jan-18
T0925,1,NV6155,19-Jan-18,NV6742,19-Jan-18
T0926,2,NV6155,19-Jan-18,NV6170,19-Jan-18
T0927,1,NV6155,19-Jan-18,NV3273,19-Jan-18
T0928,2,NV6155,19-Jan-18,NV6149,19-Jan-18
T0929,2,NV6735,19-Jan-18,NV6318,19-Jan-18
T0930,2,NV6735,19-Jan-18,NV6116,19-Jan-18
T0931,2,NV6735,19-Jan-18,NV6116,19-Jan-18
T0932,1,NV6735,19-Jan-18,NV6116,19-Jan-18
T0933,2,NV6735,19-Jan-18,NV656,19-Jan-18
T0934,1,NV6735,19-Jan-18,NV656,19-Jan-18
T0935,1,NV6735,19-Jan-18,NV616,19-Jan-18
T0936,2,NV6735,19-Jan-18,NV6556,19-Jan-18
T0937,2,NV6735,19-Jan-18,NV6556,19-Jan-18
T0938,2,NV6735,19-Jan-18,NV0746,19-Jan-18
T0939,2,NV6735,19-Jan-18,NV0746,19-Jan-18
T0940,2,NV6735,19-Jan-18,NV0746,19-Jan-18
T0941,1,NV6735,19-Jan-18,NV0746,19-Jan-18
T0942,1,NV6735,19-Jan-18,NV629,19-Jan-18
T0943,2,NV6735,19-Jan-18,NV6170,19-Jan-18
T0944,2,NV6735,19-Jan-18,NV6170,19-Jan-18
T0945,1,NV6719,19-Jan-18,NV6116,19-Jan-18
T0946,2,NV6719,19-Jan-18,NV616,19-Jan-18
T0947,2,NV6719,19-Jan-18,NV0746,19-Jan-18
T0948,2,NV6719,19-Jan-18,NV0746,19-Jan-18
T0949,2,NV6719,19-Jan-18,NV0746,19-Jan-18
T0950,1,NV6719,19-Jan-18,NV6170,19-Jan-18
T0951,1,NV383,19-Jan-18,NV3465,19-Jan-18
T0952,2,NV383,19-Jan-18,NV6374,19-Jan-18
T0953,2,NV383,19-Jan-18,NV6374,19-Jan-18
T0954,1,NV383,19-Jan-18,NV6374,19-Jan-18
T0955,2,NV383,19-Jan-18,NV6742,19-Jan-18
T0956,2,NV383,19-Jan-18,NV6742,19-Jan-18
T0957,2,NV383,19-Jan-18,NV6556,19-Jan-18
T0958,1,NV383,19-Jan-18,NV6556,19-Jan-18
T0959,1,NV383,19-Jan-18,NV0746,19-Jan-18
T0960,2,NV383,19-Jan-18,NV629,19-Jan-18
T0961,2,NV383,19-Jan-18,NV6170,19-Jan-18
T0962,1,NV383,19-Jan-18,NV6170,19-Jan-18
T0963,2,NV383,19-Jan-18,NV6710,19-Jan-18
T0964,2,NV6153,19-Jan-18,NV3465,19-Jan-18
T0965,2,NV6153,19-Jan-18,NV3465,19-Jan-18
T0966,1,NV6153,19-Jan-18,NV3465,19-Jan-18
T0967,2,NV6153,19-Jan-18,NV656,19-Jan-18
T0968,2,NV6153,19-Jan-18,NV656,19-Jan-18
T0969,2,NV6153,19-Jan-18,NV656,19-Jan-18
T0970,2,NV6153,19-Jan-18,NV656,19-Jan-18
T0971,2,NV6153,19-Jan-18,NV656,19-Jan-18
T0972,2,NV6153,19-Jan-18,NV656,19-Jan-18
T0973,2,NV6153,19-Jan-18,NV656,19-Jan-18
T0974,2,NV6153,19-Jan-18,NV656,19-Jan-18
T0975,2,NV6153,19-Jan-18,NV656,19-Jan-18
T0976,2,NV6153,19-Jan-18,NV656,19-Jan-18
T0977,2,NV6153,19-Jan-18,NV656,19-Jan-18
T0978,2,NV6153,19-Jan-18,NV616,19-Jan-18
T0979,2,NV6153,19-Jan-18,NV6742,19-Jan-18
T0980,2,NV6153,19-Jan-18,NV6742,19-Jan-18
T0981,1,NV6153,19-Jan-18,NV6742,19-Jan-18
T0982,2,NV6153,19-Jan-18,NV6556,19-Jan-18
T0983,2,NV6153,19-Jan-18,NV6556,19-Jan-18
T0984,2,NV6153,19-Jan-18,NV6556,19-Jan-18
T0985,1,NV6153,19-Jan-18,NV6556,19-Jan-18
T0986,2,NV6153,19-Jan-18,NV0746,19-Jan-18
T0987,1,NV6153,19-Jan-18,NV629,19-Jan-18
T0988,2,NV6153,19-Jan-18,NV6170,19-Jan-18
T0989,1,NV6153,19-Jan-18,NV3273,19-Jan-18
T0990,2,NV6153,19-Jan-18,NV6149,19-Jan-18
T0991,2,NV6727,19-Jan-18,NV656,19-Jan-18
T0992,2,NV6727,19-Jan-18,NV616,19-Jan-18
T0993,2,NV6727,19-Jan-18,NV616,19-Jan-18
T0994,1,NV6727,19-Jan-18,NV0746,19-Jan-18
T0995,2,NV6727,19-Jan-18,NV624,19-Jan-18
T0996,1,NV6575,19-Jan-18,NV6768,19-Jan-18
T0997,2,NV6575,19-Jan-18,NV382,19-Jan-18
T0998,2,NV6575,19-Jan-18,NV686,19-Jan-18
T0999,2,NV6575,19-Jan-18,NV686,19-Jan-18
T1000,2,NV6575,19-Jan-18,NV686,19-Jan-18
T1001,2,NV6575,19-Jan-18,NV686,19-Jan-18
T1002,2,NV6575,19-Jan-18,NV686,19-Jan-18
T1003,2,NV6575,19-Jan-18,NV686,19-Jan-18
T1004,2,NV6575,19-Jan-18,NV686,19-Jan-18
T1005,2,NV6575,19-Jan-18,NV686,19-Jan-18
T1006,2,NV6575,19-Jan-18,NV686,19-Jan-18
T1007,1,NV6575,19-Jan-18,NV686,19-Jan-18
T1008,2,NV6575,19-Jan-18,NV302,19-Jan-18
T1009,2,NV6575,19-Jan-18,NV302,19-Jan-18
T1010,2,NV6575,19-Jan-18,NV302,19-Jan-18
T1011,2,NV6575,19-Jan-18,NV302,19-Jan-18
T1012,2,NV6575,19-Jan-18,NV302,19-Jan-18
T1013,2,NV6575,19-Jan-18,NV302,19-Jan-18
T1014,2,NV6575,19-Jan-18,NV302,19-Jan-18
T1015,2,NV6575,19-Jan-18,NV302,19-Jan-18
T1016,2,NV6575,19-Jan-18,NV302,19-Jan-18
T1017,2,NV6575,19-Jan-18,NV302,19-Jan-18
T1018,2,NV6575,19-Jan-18,NV6162,19-Jan-18
T1019,1,NV6575,19-Jan-18,NV6162,19-Jan-18
T1020,2,NV3654,19-Jan-18,NV6170,19-Jan-18
T1021,2,NV3654,19-Jan-18,NV6170,19-Jan-18
T1022,2,NV3654,19-Jan-18,NV686,19-Jan-18
T1023,2,NV3654,19-Jan-18,NV302,19-Jan-18
T1024,1,NV3654,19-Jan-18,NV302,19-Jan-18
T1025,2,NV3654,19-Jan-18,NV3702,19-Jan-18
T1026,1,NV3654,19-Jan-18,NV830,19-Jan-18
T1027,1,NV3654,19-Jan-18,NV624,19-Jan-18
T1028,1,NV6171,19-Jan-18,NV656,19-Jan-18
T1029,2,NV6171,19-Jan-18,NV616,19-Jan-18
T1030,1,NV6171,19-Jan-18,NV616,19-Jan-18
T1031,2,NV6171,19-Jan-18,NV6742,19-Jan-18
T1032,1,NV6171,19-Jan-18,NV6742,19-Jan-18
T1033,2,NV6171,19-Jan-18,NV6149,19-Jan-18
T1034,2,NV6171,19-Jan-18,NV6149,19-Jan-18
T1035,2,NV6171,19-Jan-18,NV6149,19-Jan-18
T1036,2,NV6171,19-Jan-18,NV6149,19-Jan-18
T1037,2,NV6171,19-Jan-18,NV6149,19-Jan-18
T1038,2,NV6171,19-Jan-18,NV6149,19-Jan-18
T1039,2,NV6171,19-Jan-18,NV6149,19-Jan-18
T1040,2,NV631,19-Jan-18,NV6742,19-Jan-18
T1041,2,NV631,19-Jan-18,NV6742,19-Jan-18
T1042,2,NV631,19-Jan-18,NV6742,19-Jan-18
T1043,2,NV631,19-Jan-18,NV6742,19-Jan-18
T1044,1,NV631,19-Jan-18,NV629,19-Jan-18
T1045,2,NV387,19-Jan-18,NV3273,19-Jan-18
T1046,1,NV387,19-Jan-18,NV3273,19-Jan-18
T1047,1,NV387,19-Jan-18,NV6726,19-Jan-18
T1048,2,NV387,19-Jan-18,NV6149,19-Jan-18
T1049,1,NV656,19-Jan-18,NV642,19-Jan-18
T1050,1,NV6711,19-Jan-18,NV382,19-Jan-18
T1051,2,NV6711,19-Jan-18,NV686,19-Jan-18
T1052,2,NV6711,19-Jan-18,NV6162,19-Jan-18
T1053,1,NV6711,19-Jan-18,NV6162,19-Jan-18
T1054,2,NV6711,19-Jan-18,NV830,19-Jan-18
T1055,2,NV6711,19-Jan-18,NV830,19-Jan-18
T1056,1,NV6711,19-Jan-18,NV830,19-Jan-18
T1057,2,NV613,19-Jan-18,NV6736,19-Jan-18
T1058,2,NV613,19-Jan-18,NV6736,19-Jan-18
T1059,1,NV613,19-Jan-18,NV6736,19-Jan-18
T1060,1,NV613,19-Jan-18,NV682,19-Jan-18
T1061,2,NV613,19-Jan-18,NV6726,19-Jan-18
T1062,2,NV613,19-Jan-18,NV6726,19-Jan-18
T1063,2,NV613,19-Jan-18,NV6726,19-Jan-18
T1064,1,NV613,19-Jan-18,NV6710,19-Jan-18
T1065,1,NV337,19-Jan-18,NV0746,19-Jan-18
T1066,2,NV337,19-Jan-18,NV3273,19-Jan-18
T1067,1,NV337,19-Jan-18,NV3273,19-Jan-18
T1068,2,NV629,19-Jan-18,NV6149,19-Jan-18
T1069,1,NV629,19-Jan-18,NV624,19-Jan-18
T1070,1,NV629,19-Jan-18,NV848,19-Jan-18
T1071,1,NV629,19-Jan-18,NV308,19-Jan-18
T1072,1,NV382,19-Jan-18,NV6170,19-Jan-18
T1073,2,NV382,19-Jan-18,NV682,19-Jan-18
T1074,1,NV382,19-Jan-18,NV682,19-Jan-18
T1075,2,NV382,19-Jan-18,NV830,19-Jan-18
T1076,1,NV382,19-Jan-18,NV830,19-Jan-18
T1077,2,NV382,19-Jan-18,NV624,19-Jan-18
T1078,2,NV382,19-Jan-18,NV308,19-Jan-18
T1079,1,NV382,19-Jan-18,NV308,19-Jan-18
T1080,2,NV6453,19-Jan-18,NV382,19-Jan-18
T1081,2,NV6453,19-Jan-18,NV382,19-Jan-18
T1082,1,NV6453,19-Jan-18,NV382,19-Jan-18
T1083,2,NV6453,19-Jan-18,NV302,19-Jan-18
T1084,1,NV6453,19-Jan-18,NV682,19-Jan-18
T1085,2,NV6453,19-Jan-18,NV830,19-Jan-18
T1086,1,NV657,19-Jan-18,NV682,19-Jan-18
T1087,2,NV657,19-Jan-18,NV6162,19-Jan-18
T1088,2,NV657,19-Jan-18,NV6162,19-Jan-18
T1089,2,NV657,19-Jan-18,NV6162,19-Jan-18
T1090,2,NV657,19-Jan-18,NV6162,19-Jan-18
T1091,2,NV657,19-Jan-18,NV6162,19-Jan-18
T1092,2,NV657,19-Jan-18,NV6162,19-Jan-18
T1093,1,NV657,19-Jan-18,NV6162,19-Jan-18
T1094,2,NV657,19-Jan-18,NV308,19-Jan-18
T1095,1,NV6777,19-Jan-18,NV860,19-Jan-18
T1096,1,NV641,19-Jan-18,NV6726,19-Jan-18
T1097,1,NV641,19-Jan-18,NV6149,19-Jan-18
T1098,2,NV641,19-Jan-18,NV860,19-Jan-18
T1099,2,NV641,19-Jan-18,NV860,19-Jan-18
T1100,1,NV6537,19-Jan-18,NV6170,19-Jan-18
T1101,1,NV6537,19-Jan-18,NV642,19-Jan-18
T1102,1,NV6173,19-Jan-18,NV6149,19-Jan-18
T1103,1,NV6173,19-Jan-18,NV3631,19-Jan-18
T1104,2,NV6173,19-Jan-18,NV3410,19-Jan-18
T1105,1,NV6173,19-Jan-18,NV308,19-Jan-18
T1106,2,NV6173,19-Jan-18,NV860,19-Jan-18
T1107,1,NV6173,19-Jan-18,NV860,19-Jan-18
T1108,1,NV302,19-Jan-18,NV642,19-Jan-18
T1109,2,NV302,19-Jan-18,NV830,19-Jan-18
T1110,1,NV302,19-Jan-18,NV830,19-Jan-18
T1111,2,NV302,19-Jan-18,NV308,19-Jan-18
T1112,2,NV6265,19-Jan-18,NV308,19-Jan-18
T1113,1,NV6265,19-Jan-18,NV308,19-Jan-18
T1114,1,NV6455,19-Jan-18,NV308,19-Jan-18
T1115,2,NV627,19-Jan-18,NV6710,19-Jan-18
T1116,1,NV627,19-Jan-18,NV6710,19-Jan-18
T1117,2,NV627,19-Jan-18,NV3277,19-Jan-18
T1118,2,NV627,19-Jan-18,NV3277,19-Jan-18
T1119,2,NV627,19-Jan-18,NV3277,19-Jan-18
T1120,2,NV627,19-Jan-18,NV3631,19-Jan-18
T1121,1,NV627,19-Jan-18,NV860,19-Jan-18
T1122,1,NV6657,19-Jan-18,NV3702,19-Jan-18
T1123,1,NV6657,19-Jan-18,NV642,19-Jan-18
T1124,1,NV813,19-Jan-18,NV3702,19-Jan-18
T1125,1,NV813,19-Jan-18,NV642,19-Jan-18
T1126,1,NV813,19-Jan-18,NV308,19-Jan-18
T1127,1,NV6715,19-Jan-18,NV3702,19-Jan-18
T1128,2,NV6715,19-Jan-18,NV830,19-Jan-18
T1129,1,NV6715,19-Jan-18,NV830,19-Jan-18
T1130,2,NV6715,19-Jan-18,NV834,19-Jan-18
T1131,2,NV6715,19-Jan-18,NV834,19-Jan-18
T1132,2,NV6715,19-Jan-18,NV834,19-Jan-18
T1133,1,NV6715,19-Jan-18,NV860,19-Jan-18
T1134,2,NV6715,19-Jan-18,NV672,19-Jan-18
T1135,1,NV6715,19-Jan-18,NV672,19-Jan-18
T1136,2,NV6715,19-Jan-18,NV658,19-Jan-18
T1137,2,NV6715,19-Jan-18,NV658,19-Jan-18
T1138,2,NV6715,19-Jan-18,NV658,19-Jan-18
T1139,2,NV6715,19-Jan-18,NV658,19-Jan-18
T1140,1,NV6715,19-Jan-18,NV658,19-Jan-18
T1141,2,NV6715,19-Jan-18,NV6312,19-Jan-18
T1142,2,NV6715,19-Jan-18,NV688,19-Jan-18
T1143,2,NV6715,19-Jan-18,NV688,19-Jan-18
T1144,2,NV6715,19-Jan-18,NV688,19-Jan-18
T1145,2,NV6715,19-Jan-18,NV688,19-Jan-18
T1146,1,NV6671,19-Jan-18,NV308,19-Jan-18
T1147,1,NV3260,19-Jan-18,NV642,19-Jan-18
T1148,2,NV3260,19-Jan-18,NV624,19-Jan-18
T1149,1,NV3260,19-Jan-18,NV624,19-Jan-18
T1150,2,NV3260,19-Jan-18,NV860,19-Jan-18
T1151,2,NV6149,19-Jan-18,NV848,19-Jan-18
T1152,1,NV6149,19-Jan-18,NV848,19-Jan-18
T1153,2,NV3197,19-Jan-18,NV3277,19-Jan-18
T1154,2,NV3197,19-Jan-18,NV6784,19-Jan-18
T1155,2,NV3197,19-Jan-18,NV6784,19-Jan-18
T1156,2,NV3197,19-Jan-18,NV6784,19-Jan-18
T1157,2,NV3197,19-Jan-18,NV6784,19-Jan-18
T1158,1,NV3197,19-Jan-18,NV860,19-Jan-18
T1159,2,NV3197,19-Jan-18,NV688,19-Jan-18
T1160,2,NV3702,19-Jan-18,NV642,19-Jan-18
T1161,1,NV3702,19-Jan-18,NV308,19-Jan-18
T1162,2,NV3702,19-Jan-18,NV688,19-Jan-18
T1163,2,NV3702,19-Jan-18,NV688,19-Jan-18
T1164,1,NV3702,19-Jan-18,NV688,19-Jan-18
T1165,2,NV304,19-Jan-18,NV830,19-Jan-18
T1166,2,NV304,19-Jan-18,NV308,19-Jan-18
T1167,1,NV304,19-Jan-18,NV308,19-Jan-18
T1168,1,NV304,19-Jan-18,NV688,19-Jan-18
T1169,1,NV635,19-Jan-18,NV624,19-Jan-18
T1170,1,NV635,19-Jan-18,NV3631,19-Jan-18
T1171,2,NV635,19-Jan-18,NV848,19-Jan-18
T1172,2,NV635,19-Jan-18,NV848,19-Jan-18
T1173,2,NV635,19-Jan-18,NV308,19-Jan-18
T1174,2,NV635,19-Jan-18,NV308,19-Jan-18
T1175,2,NV635,19-Jan-18,NV308,19-Jan-18
T1176,2,NV635,19-Jan-18,NV860,19-Jan-18
T1177,2,NV635,19-Jan-18,NV672,19-Jan-18
T1178,2,NV635,19-Jan-18,NV688,19-Jan-18
T1179,2,NV635,19-Jan-18,NV859,19-Jan-18
T1180,2,NV635,19-Jan-18,NV859,19-Jan-18
T1181,1,NV391,19-Jan-18,NV3631,19-Jan-18
T1182,2,NV391,19-Jan-18,NV6784,19-Jan-18
T1183,1,NV391,19-Jan-18,NV6784,19-Jan-18
T1184,2,NV6781,19-Jan-18,NV3787,19-Jan-18
T1185,2,NV6781,19-Jan-18,NV6486,19-Jan-18
T1186,2,NV6781,19-Jan-18,NV860,19-Jan-18
T1187,2,NV6781,19-Jan-18,NV860,19-Jan-18
T1188,2,NV6781,19-Jan-18,NV860,19-Jan-18
T1189,2,NV6781,19-Jan-18,NV860,19-Jan-18
T1190,2,NV6781,19-Jan-18,NV860,19-Jan-18
T1191,2,NV6781,19-Jan-18,NV860,19-Jan-18
T1192,1,NV6781,19-Jan-18,NV860,19-Jan-18
T1193,2,NV6781,19-Jan-18,NV672,19-Jan-18
T1194,2,NV6781,19-Jan-18,NV658,19-Jan-18
T1195,2,NV6119,19-Jan-18,NV3787,19-Jan-18
T1196,1,NV6119,19-Jan-18,NV3787,19-Jan-18
T1197,1,NV6119,19-Jan-18,NV3631,19-Jan-18
T1198,1,NV6119,19-Jan-18,NV848,19-Jan-18
T1199,1,NV6119,19-Jan-18,NV6784,19-Jan-18
T1200,2,NV6119,19-Jan-18,NV308,19-Jan-18
T1201,2,NV6119,19-Jan-18,NV308,19-Jan-18
T1202,2,NV6119,19-Jan-18,NV6720,19-Jan-18
T1203,2,NV6119,19-Jan-18,NV6720,19-Jan-18
T1204,2,NV6119,19-Jan-18,NV6720,19-Jan-18
T1205,2,NV6119,19-Jan-18,NV6720,19-Jan-18
T1206,2,NV6119,19-Jan-18,NV6720,19-Jan-18
T1207,2,NV6119,19-Jan-18,NV6720,19-Jan-18
T1208,2,NV6119,19-Jan-18,NV6720,19-Jan-18
T1209,2,NV6119,19-Jan-18,NV6720,19-Jan-18
T1210,2,NV6119,19-Jan-18,NV6720,19-Jan-18
T1211,2,NV6119,19-Jan-18,NV6720,19-Jan-18
T1212,2,NV6119,19-Jan-18,NV6720,19-Jan-18
T1213,2,NV6119,19-Jan-18,NV6720,19-Jan-18
T1214,2,NV6119,19-Jan-18,NV6720,19-Jan-18
T1215,2,NV6119,19-Jan-18,NV6720,19-Jan-18
T1216,2,NV6119,19-Jan-18,NV6720,19-Jan-18
T1217,1,NV6119,19-Jan-18,NV6720,19-Jan-18
T1218,2,NV6119,19-Jan-18,NV688,19-Jan-18
T1219,1,GN0299,19-Jan-18,NV308,19-Jan-18
T1220,1,GN0299,19-Jan-18,NV688,19-Jan-18
T1221,1,NV6145,19-Jan-18,NV3787,19-Jan-18
T1222,2,NV6145,19-Jan-18,NV3631,19-Jan-18
T1223,2,NV6145,19-Jan-18,NV3631,19-Jan-18
T1224,2,NV6145,19-Jan-18,NV3631,19-Jan-18
T1225,2,NV6145,19-Jan-18,NV848,19-Jan-18
T1226,2,NV6145,19-Jan-18,NV848,19-Jan-18
T1227,2,NV6145,19-Jan-18,NV848,19-Jan-18
T1228,1,NV6145,19-Jan-18,NV848,19-Jan-18
T1229,2,NV6145,19-Jan-18,NV308,19-Jan-18
T1230,2,NV6145,19-Jan-18,NV308,19-Jan-18
T1231,2,NV6145,19-Jan-18,NV308,19-Jan-18
T1232,2,NV6145,19-Jan-18,NV860,19-Jan-18
T1233,2,NV6145,19-Jan-18,NV860,19-Jan-18
T1234,2,NV6145,19-Jan-18,NV860,19-Jan-18
T1235,2,NV6145,19-Jan-18,NV860,19-Jan-18
T1236,2,NV6145,19-Jan-18,NV860,19-Jan-18
T1237,2,NV6145,19-Jan-18,NV860,19-Jan-18
T1238,1,NV6145,19-Jan-18,NV860,19-Jan-18
T1239,2,NV6145,19-Jan-18,NV672,19-Jan-18
T1240,1,NV6145,19-Jan-18,NV672,19-Jan-18
T1241,1,NV6145,19-Jan-18,NV6325,19-Jan-18
T1242,2,NV6145,19-Jan-18,NV688,19-Jan-18
T1243,2,NV6145,19-Jan-18,NV688,19-Jan-18
T1244,1,NV6145,19-Jan-18,NV688,19-Jan-18
T1245,2,NV6145,19-Jan-18,NV836,19-Jan-18
T1246,1,NV6145,19-Jan-18,NV836,19-Jan-18
T1247,2,NV6145,19-Jan-18,NV3655,19-Jan-18
T1248,1,NV6145,19-Jan-18,NV826,19-Jan-18
T1249,2,NV619,19-Jan-18,NV308,19-Jan-18
T1250,2,NV619,19-Jan-18,NV308,19-Jan-18
T1251,2,NV619,19-Jan-18,NV6720,19-Jan-18
T1252,1,NV6301,19-Jan-18,NV848,19-Jan-18
T1253,1,NV6301,19-Jan-18,NV688,19-Jan-18
T1254,2,NV897,19-Jan-18,NV308,19-Jan-18
T1255,1,NV897,19-Jan-18,NV688,19-Jan-18
T1256,2,NV897,19-Jan-18,NV826,19-Jan-18
T1257,2,NV3131,19-Jan-18,NV3655,19-Jan-18
T1258,2,NV3131,19-Jan-18,NV3655,19-Jan-18
T1259,1,NV6253,19-Jan-18,NV860,19-Jan-18
T1260,2,NV831,19-Jan-18,NV860,19-Jan-18
T1261,2,NV831,19-Jan-18,NV860,19-Jan-18
T1262,1,NV831,19-Jan-18,NV860,19-Jan-18
T1263,1,NV831,19-Jan-18,NV672,19-Jan-18
T1264,2,NV831,19-Jan-18,NV859,19-Jan-18
T1265,2,NV831,19-Jan-18,NV6544,19-Jan-18
T1266,1,NV831,19-Jan-18,NV836,19-Jan-18
T1267,1,NV831,19-Jan-18,NV6714,19-Jan-18
T1268,2,NV831,19-Jan-18,NV3655,19-Jan-18
T1269,2,NV831,19-Jan-18,NV392,19-Jan-18
T1270,1,NV831,19-Jan-18,NV392,19-Jan-18
T1271,2,NV831,19-Jan-18,NV6811,19-Jan-18
T1272,2,NV615,19-Jan-18,NV308,19-Jan-18
T1273,2,NV615,19-Jan-18,NV308,19-Jan-18
T1274,2,NV615,19-Jan-18,NV6720,19-Jan-18
T1275,1,NV615,19-Jan-18,NV6325,19-Jan-18
T1276,2,NV615,19-Jan-18,NV688,19-Jan-18
T1277,1,NV615,19-Jan-18,NV6297,19-Jan-18
T1278,2,NV615,19-Jan-18,NV6714,19-Jan-18
T1279,2,NV615,19-Jan-18,NV6632,19-Jan-18
T1280,2,NV615,19-Jan-18,NV6632,19-Jan-18
T1281,1,NV6525,19-Jan-18,NV308,19-Jan-18
T1282,1,NV6525,19-Jan-18,NV688,19-Jan-18
T1283,2,NV6779,19-Jan-18,NV658,19-Jan-18
T1284,1,NV6779,19-Jan-18,NV658,19-Jan-18
T1285,1,NV6779,19-Jan-18,NV688,19-Jan-18
T1286,2,NV6779,19-Jan-18,NV826,19-Jan-18
T1287,2,NV6779,19-Jan-18,NV826,19-Jan-18
T1288,2,NV6779,19-Jan-18,NV826,19-Jan-18
T1289,2,NV6779,19-Jan-18,NV392,19-Jan-18
T1290,2,NV6779,19-Jan-18,NV392,19-Jan-18
T1291,2,NV6779,19-Jan-18,NV392,19-Jan-18
T1292,2,NV6779,19-Jan-18,NV392,19-Jan-18
T1293,2,NV6779,19-Jan-18,NV392,19-Jan-18
T1294,2,NV6779,19-Jan-18,NV392,19-Jan-18
T1295,2,NV6779,19-Jan-18,NV392,19-Jan-18
T1296,2,NV6779,19-Jan-18,NV392,19-Jan-18
T1297,1,NV6779,19-Jan-18,NV392,19-Jan-18
T1298,1,NV399,19-Jan-18,NV658,19-Jan-18
T1299,2,NV399,19-Jan-18,NV6312,19-Jan-18
T1300,1,NV399,19-Jan-18,NV6325,19-Jan-18
T1301,2,NV399,19-Jan-18,NV688,19-Jan-18
T1302,2,NV399,19-Jan-18,NV688,19-Jan-18
T1303,2,NV399,19-Jan-18,NV6297,19-Jan-18
T1304,1,NV399,19-Jan-18,NV6297,19-Jan-18
T1305,1,NV399,19-Jan-18,NV6472,19-Jan-18
T1306,1,NV399,19-Jan-18,NV6156,19-Jan-18
T1307,1,NV6663,19-Jan-18,NV826,19-Jan-18
T1308,1,NV859,19-Jan-18,NV688,19-Jan-18
T1309,2,NV859,19-Jan-18,NV6714,19-Jan-18
T1310,1,NV859,19-Jan-18,NV6578,19-Jan-18
T1311,1,NV859,19-Jan-18,NV392,19-Jan-18
T1312,1,NV859,19-Jan-18,NV6772,19-Jan-18
T1313,1,NV859,19-Jan-18,GN0620,19-Jan-18
T1314,2,NV859,19-Jan-18,NV6642,19-Jan-18
T1315,1,NV859,19-Jan-18,NV6811,19-Jan-18
T1316,2,NV859,19-Jan-18,NV3993,19-Jan-18
T1317,2,GN0641,19-Jan-18,NV664,20-Jan-18
T1318,2,NV3119,19-Jan-18,NV6720,19-Jan-18
T1319,2,NV3119,19-Jan-18,NV6720,19-Jan-18
T1320,1,NV3119,19-Jan-18,NV6720,19-Jan-18
T1321,2,NV3119,19-Jan-18,NV6714,19-Jan-18
T1322,2,NV3119,19-Jan-18,NV6714,19-Jan-18
T1323,2,NV3119,19-Jan-18,NV6714,19-Jan-18
T1324,2,NV3119,19-Jan-18,NV6652,19-Jan-18
T1325,2,NV6714,19-Jan-18,NV6632,19-Jan-18
T1326,2,NV6714,19-Jan-18,NV6632,19-Jan-18
T1327,1,NV6714,19-Jan-18,NV6811,19-Jan-18
T1328,1,NV319,19-Jan-18,NV860,19-Jan-18
T1329,2,NV6199,19-Jan-18,NV859,19-Jan-18
T1330,2,NV6199,19-Jan-18,NV6297,19-Jan-18
T1331,1,NV6199,19-Jan-18,NV6528,19-Jan-18
T1332,2,NV6199,19-Jan-18,NV699,19-Jan-18
T1333,1,NV6199,19-Jan-18,NV699,19-Jan-18
T1334,1,NV6199,19-Jan-18,NV6772,19-Jan-18
T1335,2,NV6199,19-Jan-18,NV6642,19-Jan-18
T1336,1,NV6199,19-Jan-18,NV6811,19-Jan-18
T1337,1,NV6199,19-Jan-18,NV3993,19-Jan-18
T1338,1,NV6199,19-Jan-18,NV6652,19-Jan-18
T1339,1,NV673,19-Jan-18,NV688,19-Jan-18
T1340,1,NV673,19-Jan-18,NV633,19-Jan-18
T1341,2,NV673,19-Jan-18,NV6472,19-Jan-18
T1342,1,NV673,19-Jan-18,NV6472,19-Jan-18
T1343,2,NV673,19-Jan-18,NV6478,19-Jan-18
T1344,1,NV673,19-Jan-18,NV6478,19-Jan-18
T1345,2,NV673,19-Jan-18,NV6528,19-Jan-18
T1346,1,NV673,19-Jan-18,NV699,19-Jan-18
T1347,2,NV673,19-Jan-18,NV6772,19-Jan-18
T1348,1,NV673,19-Jan-18,NV6772,19-Jan-18
T1349,2,NV673,19-Jan-18,NV6632,19-Jan-18
T1350,2,NV673,19-Jan-18,NV6632,19-Jan-18
T1351,2,NV673,19-Jan-18,NV6642,19-Jan-18
T1352,2,NV673,19-Jan-18,NV6811,19-Jan-18
T1353,1,NV673,19-Jan-18,NV6811,19-Jan-18
T1354,1,NV673,19-Jan-18,NV3993,19-Jan-18
T1355,1,NV673,19-Jan-18,NV6652,19-Jan-18
T1356,2,NV673,19-Jan-18,NV664,20-Jan-18
T1357,2,NV673,19-Jan-18,NV664,20-Jan-18
T1358,2,NV673,19-Jan-18,NV664,20-Jan-18
T1359,2,NV673,19-Jan-18,NV664,20-Jan-18
T1360,2,NV673,19-Jan-18,NV664,20-Jan-18
T1361,2,NV673,19-Jan-18,NV320,20-Jan-18
T1362,2,NV673,19-Jan-18,NV320,20-Jan-18
T1363,2,NV673,19-Jan-18,NV320,20-Jan-18
T1364,1,NV673,19-Jan-18,NV320,20-Jan-18
T1365,1,NV673,19-Jan-18,NV608,20-Jan-18
T1366,1,NV699,19-Jan-18,NV6811,19-Jan-18
T1367,1,NV633,19-Jan-18,NV6472,19-Jan-18
T1368,1,NV633,19-Jan-18,NV6714,19-Jan-18
T1369,1,NV633,19-Jan-18,NV6528,19-Jan-18
T1370,2,NV633,19-Jan-18,NV6578,19-Jan-18
T1371,1,NV633,19-Jan-18,NV699,19-Jan-18
T1372,2,NV633,19-Jan-18,NV392,19-Jan-18
T1373,1,NV633,19-Jan-18,NV392,19-Jan-18
T1374,2,NV633,19-Jan-18,NV6642,19-Jan-18
T1375,2,NV633,19-Jan-18,NV6642,19-Jan-18
T1376,1,NV633,19-Jan-18,NV3993,19-Jan-18
T1377,1,NV633,19-Jan-18,NV6652,19-Jan-18
T1378,1,NV633,19-Jan-18,NV608,20-Jan-18
T1379,2,NV633,19-Jan-18,NV840,20-Jan-18
T1380,2,NV3622,19-Jan-18,NV688,19-Jan-18
T1381,1,NV3622,19-Jan-18,NV320,20-Jan-18
T1382,2,NV3622,19-Jan-18,NV608,20-Jan-18
T1383,1,NV3622,19-Jan-18,NV608,20-Jan-18
T1384,1,NV849,19-Jan-18,NV6714,19-Jan-18
T1385,1,NV849,19-Jan-18,NV3655,19-Jan-18
T1386,2,NV849,19-Jan-18,NV6632,19-Jan-18
T1387,2,NV849,19-Jan-18,NV6642,19-Jan-18
T1388,1,NV849,19-Jan-18,NV6642,19-Jan-18
T1389,1,NV849,19-Jan-18,NV6811,19-Jan-18
T1390,1,NV849,19-Jan-18,NV664,20-Jan-18
T1391,1,NV849,19-Jan-18,NV608,20-Jan-18
T1392,1,NV6753,19-Jan-18,NV6578,19-Jan-18
T1393,2,NV6753,19-Jan-18,NV654,19-Jan-18
T1394,2,NV6753,19-Jan-18,NV654,19-Jan-18
T1395,2,NV6753,19-Jan-18,NV654,19-Jan-18
T1396,2,NV6753,19-Jan-18,NV654,19-Jan-18
T1397,2,NV6753,19-Jan-18,NV654,19-Jan-18
T1398,1,NV6753,19-Jan-18,NV654,19-Jan-18
T1399,1,NV6324,19-Jan-18,NV6156,19-Jan-18
T1400,1,NV6463,19-Jan-18,NV846,20-Jan-18
T1401,2,NV6527,19-Jan-18,NV6134,20-Jan-18
T1402,2,NV6527,19-Jan-18,NV6134,20-Jan-18
T1403,2,NV6527,19-Jan-18,NV6134,20-Jan-18
T1404,2,NV6527,19-Jan-18,NV6134,20-Jan-18
T1405,2,NV827,19-Jan-18,NV6528,19-Jan-18
T1406,2,NV827,19-Jan-18,NV6632,19-Jan-18
T1407,1,NV827,19-Jan-18,NV6642,19-Jan-18
T1408,2,NV827,19-Jan-18,NV664,20-Jan-18
T1409,2,NV827,19-Jan-18,NV320,20-Jan-18
T1410,1,NV827,19-Jan-18,NV320,20-Jan-18
T1411,2,GN0205,19-Jan-18,NV654,19-Jan-18
T1412,1,GN0205,19-Jan-18,NV654,19-Jan-18
T1413,2,NV3291,19-Jan-18,NV880,20-Jan-18
T1414,1,NV621,19-Jan-18,NV6632,19-Jan-18
T1415,1,NV621,19-Jan-18,NV6652,19-Jan-18
T1416,1,NV621,19-Jan-18,NV654,19-Jan-18
T1417,2,NV621,19-Jan-18,NV664,20-Jan-18
T1418,1,NV621,19-Jan-18,NV840,20-Jan-18
T1419,2,NV6317,19-Jan-18,NV3993,19-Jan-18
T1420,1,NV6551,19-Jan-18,NV6156,19-Jan-18
T1421,2,NV6551,19-Jan-18,NV846,20-Jan-18
T1422,1,NV6551,19-Jan-18,NV846,20-Jan-18
T1423,1,NV6551,19-Jan-18,NV840,20-Jan-18
T1424,2,NV6551,19-Jan-18,NV880,20-Jan-18
T1425,1,NV6551,19-Jan-18,NV880,20-Jan-18
T1426,1,NV6725,19-Jan-18,NV654,19-Jan-18
T1427,1,NV6725,19-Jan-18,NV664,20-Jan-18
T1428,2,NV6725,19-Jan-18,NV846,20-Jan-18
T1429,1,NV6725,19-Jan-18,NV846,20-Jan-18
T1430,2,NV6725,19-Jan-18,NV608,20-Jan-18
T1431,2,NV6725,19-Jan-18,NV880,20-Jan-18
T1432,2,NV317,19-Jan-18,NV608,20-Jan-18
T1433,2,NV3278,19-Jan-18,NV608,20-Jan-18
T1434,1,NV6117,19-Jan-18,NV6772,19-Jan-18
T1435,2,NV6117,19-Jan-18,NV6811,19-Jan-18
T1436,2,NV6117,19-Jan-18,NV6811,19-Jan-18
T1437,2,NV6117,19-Jan-18,NV6811,19-Jan-18
T1438,1,NV6117,19-Jan-18,NV6811,19-Jan-18
T1439,1,NV6117,19-Jan-18,NV6652,19-Jan-18
T1440,2,NV6117,19-Jan-18,NV664,20-Jan-18
T1441,2,NV6117,19-Jan-18,NV664,20-Jan-18
T1442,2,NV6117,19-Jan-18,NV664,20-Jan-18
T1443,1,NV6117,19-Jan-18,NV664,20-Jan-18
T1444,2,NV6117,19-Jan-18,NV320,20-Jan-18
T1445,2,NV6117,19-Jan-18,NV608,20-Jan-18
T1446,2,NV6117,19-Jan-18,NV840,20-Jan-18
T1447,2,NV6117,19-Jan-18,NV840,20-Jan-18
T1448,2,NV6117,19-Jan-18,NV840,20-Jan-18
T1449,1,NV6578,19-Jan-18,NV880,20-Jan-18
T1450,2,NV6772,19-Jan-18,NV664,20-Jan-18
T1451,1,NV6772,19-Jan-18,NV664,20-Jan-18
T1452,2,NV6772,19-Jan-18,NV846,20-Jan-18
T1453,2,NV6772,19-Jan-18,NV846,20-Jan-18
T1454,1,NV6772,19-Jan-18,NV846,20-Jan-18
T1455,2,NV6772,19-Jan-18,NV608,20-Jan-18
T1456,2,NV6375,19-Jan-18,NV654,19-Jan-18
T1457,1,NV6375,19-Jan-18,NV664,20-Jan-18
T1458,1,NV6375,19-Jan-18,NV840,20-Jan-18
T1459,1,NV6633,19-Jan-18,NV846,20-Jan-18
T1460,2,NV6633,19-Jan-18,NV320,20-Jan-18
T1461,2,NV6633,19-Jan-18,NV880,20-Jan-18
T1462,1,NV6633,19-Jan-18,NV880,20-Jan-18
T1463,1,NV6633,19-Jan-18,NV880,20-Jan-18
T1464,2,NV651,19-Jan-18,NV3993,19-Jan-18
T1465,2,NV651,19-Jan-18,NV3993,19-Jan-18
T1466,2,NV651,19-Jan-18,NV3993,19-Jan-18
T1467,2,NV651,19-Jan-18,NV6652,19-Jan-18
T1468,1,NV651,19-Jan-18,NV6652,19-Jan-18
T1469,2,NV651,19-Jan-18,NV664,20-Jan-18
T1470,2,NV651,19-Jan-18,NV664,20-Jan-18
T1471,2,NV651,19-Jan-18,NV846,20-Jan-18
T1472,2,NV651,19-Jan-18,NV840,20-Jan-18
T1473,1,NV6642,19-Jan-18,NV3993,19-Jan-18
T1474,1,NV6642,19-Jan-18,NV664,20-Jan-18
T1475,2,NV6642,19-Jan-18,NV320,20-Jan-18
T1476,1,NV6642,19-Jan-18,NV840,20-Jan-18
T1477,2,NV6642,19-Jan-18,NV880,20-Jan-18
T1478,2,NV6642,19-Jan-18,NV880,20-Jan-18
T1479,1,NV6642,19-Jan-18,NV880,20-Jan-18
T1480,2,NV6643,19-Jan-18,NV840,20-Jan-18
T1481,2,NV6643,19-Jan-18,NV840,20-Jan-18
T1482,1,NV6643,19-Jan-18,NV840,20-Jan-18
T1483,1,GN0629,19-Jan-18,NV846,20-Jan-18
T1484,1,NV6699,19-Jan-18,NV320,20-Jan-18
T1485,2,NV6699,19-Jan-18,NV608,20-Jan-18
T1486,2,NV6699,19-Jan-18,NV608,20-Jan-18
T1487,2,NV6699,19-Jan-18,NV608,20-Jan-18
T1488,1,NV6699,19-Jan-18,NV840,20-Jan-18
T1489,2,NV6699,19-Jan-18,NV880,20-Jan-18
T1490,1,NV6699,19-Jan-18,NV880,20-Jan-18
T1491,2,NV679,19-Jan-18,NV664,20-Jan-18
T1492,2,NV679,19-Jan-18,NV608,20-Jan-18
T1493,2,NV6241,19-Jan-18,NV6156,19-Jan-18
T1494,1,NV6241,19-Jan-18,NV654,19-Jan-18
T1495,2,NV6241,19-Jan-18,NV320,20-Jan-18
T1496,1,NV6241,19-Jan-18,NV320,20-Jan-18
T1497,1,NV6241,19-Jan-18,NV608,20-Jan-18
T1498,2,NV6241,19-Jan-18,NV840,20-Jan-18
T1499,1,NV6241,19-Jan-18,NV840,20-Jan-18
T1500,2,NV6241,19-Jan-18,NV880,20-Jan-18
T1501,2,NV6241,19-Jan-18,NV880,20-Jan-18
T1502,2,NV6241,19-Jan-18,NV880,20-Jan-18
T1503,2,NV6241,19-Jan-18,NV880,20-Jan-18
T1504,2,NV6241,19-Jan-18,NV880,20-Jan-18
T1505,2,NV6241,19-Jan-18,NV880,20-Jan-18
T1506,2,NV6241,19-Jan-18,NV880,20-Jan-18
T1507,2,NV6241,19-Jan-18,NV880,20-Jan-18
T1508,2,NV6241,19-Jan-18,NV880,20-Jan-18
T1509,2,NV6241,19-Jan-18,NV880,20-Jan-18
T1510,2,NV6241,19-Jan-18,NV880,20-Jan-18
T1511,2,NV6241,19-Jan-18,NV880,20-Jan-18
T1512,2,NV6737,19-Jan-18,NV654,19-Jan-18
T1513,2,NV6737,19-Jan-18,NV654,19-Jan-18
T1514,1,NV6737,19-Jan-18,NV654,19-Jan-18
T1515,1,NV6737,19-Jan-18,NV664,20-Jan-18
T1516,2,NV6737,19-Jan-18,NV846,20-Jan-18
T1517,1,NV6737,19-Jan-18,NV846,20-Jan-18
T1518,1,NV6737,19-Jan-18,NV6134,20-Jan-18
T1519,2,NV6737,19-Jan-18,NV608,20-Jan-18
T1520,1,NV6737,19-Jan-18,NV880,20-Jan-18
T1521,1,NV3270,19-Jan-18,NV654,19-Jan-18
T1522,2,NV3270,19-Jan-18,NV320,20-Jan-18
T1523,1,NV3270,19-Jan-18,NV6134,20-Jan-18
T1524,1,NV3270,19-Jan-18,NV608,20-Jan-18
T1525,1,NV6405,19-Jan-18,NV846,20-Jan-18
T1526,1,NV6405,19-Jan-18,NV320,20-Jan-18
T1527,2,NV6405,19-Jan-18,NV840,20-Jan-18
T1528,2,NV6405,19-Jan-18,NV880,20-Jan-18
T1529,1,NV6405,19-Jan-18,NV880,20-Jan-18
T1530,2,NV3553,19-Jan-18,NV840,20-Jan-18
T1531,2,NV3553,19-Jan-18,NV840,20-Jan-18
T1532,1,NV3553,19-Jan-18,NV840,20-Jan-18
T1533,1,NV3553,19-Jan-18,NV880,20-Jan-18
T1534,1,GN0639,19-Jan-18,NV846,20-Jan-18
T1535,1,NV0747,19-Jan-18,NV608,20-Jan-18
T1536,2,NV677,20-Jan-18,NV3446,20-Jan-18
T1537,2,NV677,20-Jan-18,NV3615,20-Jan-18
T1538,2,NV677,20-Jan-18,NV3615,20-Jan-18
T1539,2,NV677,20-Jan-18,NV6738,20-Jan-18
T1540,2,NV677,20-Jan-18,NV6738,20-Jan-18
T1541,1,NV677,20-Jan-18,NV6738,20-Jan-18
T1542,2,NV677,20-Jan-18,NV6708,20-Jan-18
T1543,2,NV677,20-Jan-18,NV6708,20-Jan-18
T1544,2,NV677,20-Jan-18,NV6154,20-Jan-18
T1545,2,NV677,20-Jan-18,NV6154,20-Jan-18
T1546,2,NV677,20-Jan-18,NV6154,20-Jan-18
T1547,2,NV677,20-Jan-18,NV6154,20-Jan-18
T1548,2,NV677,20-Jan-18,NV6154,20-Jan-18
T1549,2,NV677,20-Jan-18,NV6154,20-Jan-18
T1550,2,NV677,20-Jan-18,NV6154,20-Jan-18
T1551,2,NV677,20-Jan-18,NV6154,20-Jan-18
T1552,2,NV677,20-Jan-18,NV6154,20-Jan-18
T1553,2,NV677,20-Jan-18,NV6154,20-Jan-18
T1554,2,NV677,20-Jan-18,NV6154,20-Jan-18
T1555,2,NV677,20-Jan-18,NV6154,20-Jan-18
T1556,2,NV677,20-Jan-18,NV6154,20-Jan-18
T1557,2,NV677,20-Jan-18,NV6154,20-Jan-18
T1558,2,NV677,20-Jan-18,NV6154,20-Jan-18
T1559,2,NV677,20-Jan-18,NV6154,20-Jan-18
T1560,2,NV677,20-Jan-18,NV6154,20-Jan-18
T1561,2,NV677,20-Jan-18,NV6154,20-Jan-18
T1562,2,NV677,20-Jan-18,NV6154,20-Jan-18
T1563,2,NV677,20-Jan-18,NV6154,20-Jan-18
T1564,2,NV677,20-Jan-18,NV6154,20-Jan-18
T1565,2,NV677,20-Jan-18,NV6154,20-Jan-18
T1566,2,NV677,20-Jan-18,NV6154,20-Jan-18
T1567,2,NV677,20-Jan-18,NV6154,20-Jan-18
T1568,1,NV677,20-Jan-18,NV6154,20-Jan-18
T1569,1,NV677,20-Jan-18,NV6724,20-Jan-18
T1570,1,NV675,20-Jan-18,NV3446,20-Jan-18
T1571,2,NV675,20-Jan-18,NV6708,20-Jan-18
T1572,1,NV675,20-Jan-18,NV6708,20-Jan-18
T1573,2,NV675,20-Jan-18,NV336,20-Jan-18
T1574,1,NV675,20-Jan-18,NV634,20-Jan-18
T1575,1,NV847,20-Jan-18,NV3446,20-Jan-18
T1576,1,NV847,20-Jan-18,NV6748,20-Jan-18
T1577,1,NV847,20-Jan-18,NV3615,20-Jan-18
T1578,2,NV847,20-Jan-18,NV675,20-Jan-18
T1579,1,NV847,20-Jan-18,NV675,20-Jan-18
T1580,2,NV847,20-Jan-18,NV6738,20-Jan-18
T1581,1,NV847,20-Jan-18,NV6738,20-Jan-18
T1582,1,NV847,20-Jan-18,NV6708,20-Jan-18
T1583,2,NV847,20-Jan-18,NV6154,20-Jan-18
T1584,2,NV847,20-Jan-18,NV6154,20-Jan-18
T1585,2,NV847,20-Jan-18,NV6154,20-Jan-18
T1586,2,NV847,20-Jan-18,NV6724,20-Jan-18
T1587,2,NV847,20-Jan-18,NV6724,20-Jan-18
T1588,1,NV847,20-Jan-18,GN0678,20-Jan-18
T1589,1,NV847,20-Jan-18,NV6762,20-Jan-18
T1590,2,NV847,20-Jan-18,NV336,20-Jan-18
T1591,2,NV847,20-Jan-18,NV6616,20-Jan-18
T1592,2,NV847,20-Jan-18,NV6230,20-Jan-18
T1593,2,NV847,20-Jan-18,NV6230,20-Jan-18
T1594,2,NV847,20-Jan-18,NV6230,20-Jan-18
T1595,2,NV847,20-Jan-18,NV6230,20-Jan-18
T1596,2,NV847,20-Jan-18,NV6230,20-Jan-18
T1597,2,NV847,20-Jan-18,NV6230,20-Jan-18
T1598,2,NV847,20-Jan-18,NV6230,20-Jan-18
T1599,2,NV847,20-Jan-18,NV6514,20-Jan-18
T1600,1,NV847,20-Jan-18,NV634,20-Jan-18
T1601,1,NV847,20-Jan-18,NV6376,20-Jan-18
T1602,2,NV847,20-Jan-18,NV6700,20-Jan-18
T1603,2,NV309,20-Jan-18,NV3615,20-Jan-18
T1604,2,NV309,20-Jan-18,NV675,20-Jan-18
T1605,1,NV309,20-Jan-18,NV6738,20-Jan-18
T1606,1,NV309,20-Jan-18,NV6708,20-Jan-18
T1607,2,NV309,20-Jan-18,NV3263,20-Jan-18
T1608,2,NV309,20-Jan-18,NV3263,20-Jan-18
T1609,1,NV309,20-Jan-18,NV6734,20-Jan-18
T1610,2,NV309,20-Jan-18,NV612,20-Jan-18
T1611,2,NV309,20-Jan-18,NV612,20-Jan-18
T1612,1,NV309,20-Jan-18,NV612,20-Jan-18
T1613,2,NV309,20-Jan-18,NV6616,20-Jan-18
T1614,2,NV309,20-Jan-18,NV6616,20-Jan-18
T1615,2,NV309,20-Jan-18,NV6616,20-Jan-18
T1616,2,NV309,20-Jan-18,NV6616,20-Jan-18
T1617,2,NV309,20-Jan-18,NV6616,20-Jan-18
T1618,2,NV309,20-Jan-18,NV6616,20-Jan-18
T1619,1,NV309,20-Jan-18,NV6616,20-Jan-18
T1620,2,NV309,20-Jan-18,NV6230,20-Jan-18
T1621,1,NV309,20-Jan-18,NV6230,20-Jan-18
T1622,2,NV309,20-Jan-18,NV6514,20-Jan-18
T1623,1,NV309,20-Jan-18,NV6514,20-Jan-18
T1624,2,NV309,20-Jan-18,NV634,20-Jan-18
T1625,2,NV309,20-Jan-18,NV634,20-Jan-18
T1626,2,NV309,20-Jan-18,NV634,20-Jan-18
T1627,2,NV309,20-Jan-18,NV634,20-Jan-18
T1628,2,NV309,20-Jan-18,NV634,20-Jan-18
T1629,2,NV309,20-Jan-18,NV6152,20-Jan-18
T1630,2,NV309,20-Jan-18,NV6152,20-Jan-18
T1631,2,NV309,20-Jan-18,NV6152,20-Jan-18
T1632,1,NV309,20-Jan-18,NV6152,20-Jan-18
T1633,1,NV309,20-Jan-18,NV678,20-Jan-18
T1634,2,NV309,20-Jan-18,NV866,20-Jan-18
T1635,2,NV309,20-Jan-18,NV866,20-Jan-18
T1636,2,NV309,20-Jan-18,NV316,20-Jan-18
T1637,1,NV871,20-Jan-18,NV3615,20-Jan-18
T1638,2,NV871,20-Jan-18,NV6154,20-Jan-18
T1639,2,NV871,20-Jan-18,NV6154,20-Jan-18
T1640,2,NV871,20-Jan-18,NV6154,20-Jan-18
T1641,2,NV871,20-Jan-18,NV6154,20-Jan-18
T1642,2,NV871,20-Jan-18,NV6154,20-Jan-18
T1643,1,NV871,20-Jan-18,NV6154,20-Jan-18
T1644,1,NV871,20-Jan-18,NV3263,20-Jan-18
T1645,2,NV871,20-Jan-18,NV6616,20-Jan-18
T1646,1,NV871,20-Jan-18,NV6230,20-Jan-18
T1647,2,NV871,20-Jan-18,NV6152,20-Jan-18
T1648,2,NV871,20-Jan-18,NV6152,20-Jan-18
T1649,2,NV871,20-Jan-18,NV6152,20-Jan-18
T1650,2,NV871,20-Jan-18,NV6152,20-Jan-18
T1651,2,NV871,20-Jan-18,NV6152,20-Jan-18
T1652,2,NV871,20-Jan-18,NV6152,20-Jan-18
T1653,2,NV871,20-Jan-18,NV6152,20-Jan-18
T1654,2,NV871,20-Jan-18,NV6152,20-Jan-18
T1655,2,NV871,20-Jan-18,NV6152,20-Jan-18
T1656,2,NV871,20-Jan-18,NV6152,20-Jan-18
T1657,2,NV871,20-Jan-18,NV6152,20-Jan-18
T1658,2,NV871,20-Jan-18,NV6152,20-Jan-18
T1659,2,NV871,20-Jan-18,NV6152,20-Jan-18
T1660,1,NV347,20-Jan-18,NV6154,20-Jan-18
T1661,2,NV347,20-Jan-18,NV3263,20-Jan-18
T1662,2,NV347,20-Jan-18,NV6734,20-Jan-18
T1663,1,NV347,20-Jan-18,NV6734,20-Jan-18
T1664,2,NV347,20-Jan-18,NV6514,20-Jan-18
T1665,2,NV347,20-Jan-18,NV6514,20-Jan-18
T1666,2,NV347,20-Jan-18,NV6152,20-Jan-18
T1667,2,NV347,20-Jan-18,NV6504,20-Jan-18
T1668,2,NV347,20-Jan-18,NV6504,20-Jan-18
T1669,2,NV655,20-Jan-18,NV6738,20-Jan-18
T1670,2,NV655,20-Jan-18,NV6738,20-Jan-18
T1671,2,NV655,20-Jan-18,NV6708,20-Jan-18
T1672,2,NV655,20-Jan-18,NV6708,20-Jan-18
T1673,2,NV655,20-Jan-18,NV6708,20-Jan-18
T1674,2,NV655,20-Jan-18,NV6708,20-Jan-18
T1675,1,NV655,20-Jan-18,NV380,20-Jan-18
T1676,2,NV655,20-Jan-18,NV6154,20-Jan-18
T1677,2,NV655,20-Jan-18,NV6154,20-Jan-18
T1678,2,NV655,20-Jan-18,NV6154,20-Jan-18
T1679,1,NV655,20-Jan-18,NV6154,20-Jan-18
T1680,1,NV655,20-Jan-18,NV3263,20-Jan-18
T1681,2,NV655,20-Jan-18,NV6358,20-Jan-18
T1682,2,NV655,20-Jan-18,NV6358,20-Jan-18
T1683,2,NV655,20-Jan-18,NV6358,20-Jan-18
T1684,2,NV655,20-Jan-18,NV6358,20-Jan-18
T1685,2,NV655,20-Jan-18,NV6358,20-Jan-18
T1686,1,NV655,20-Jan-18,NV6724,20-Jan-18
T1687,2,NV655,20-Jan-18,NV6734,20-Jan-18
T1688,2,NV655,20-Jan-18,NV6734,20-Jan-18
T1689,2,NV655,20-Jan-18,NV6734,20-Jan-18
T1690,2,NV655,20-Jan-18,NV6734,20-Jan-18
T1691,2,NV655,20-Jan-18,NV6734,20-Jan-18
T1692,2,NV655,20-Jan-18,NV6734,20-Jan-18
T1693,2,NV655,20-Jan-18,NV6734,20-Jan-18
T1694,2,NV655,20-Jan-18,NV6734,20-Jan-18
T1695,2,NV655,20-Jan-18,NV6734,20-Jan-18
T1696,1,NV655,20-Jan-18,NV6734,20-Jan-18
T1697,1,NV655,20-Jan-18,NV6230,20-Jan-18
T1698,1,NV655,20-Jan-18,NV630,20-Jan-18
T1699,1,NV891,20-Jan-18,NV6738,20-Jan-18
T1700,2,NV891,20-Jan-18,NV6154,20-Jan-18
T1701,2,NV891,20-Jan-18,NV6154,20-Jan-18
T1702,2,NV891,20-Jan-18,NV6154,20-Jan-18
T1703,2,NV891,20-Jan-18,NV6154,20-Jan-18
T1704,1,NV891,20-Jan-18,NV6154,20-Jan-18
T1705,1,NV891,20-Jan-18,NV3263,20-Jan-18
T1706,2,NV891,20-Jan-18,NV6724,20-Jan-18
T1707,1,NV891,20-Jan-18,NV6548,20-Jan-18
T1708,2,NV891,20-Jan-18,NV6616,20-Jan-18
T1709,1,NV891,20-Jan-18,NV6616,20-Jan-18
T1710,2,NV891,20-Jan-18,NV6230,20-Jan-18
T1711,2,NV891,20-Jan-18,NV6230,20-Jan-18
T1712,1,NV891,20-Jan-18,NV6446,20-Jan-18
T1713,1,NV891,20-Jan-18,NV634,20-Jan-18
T1714,2,NV891,20-Jan-18,NV6152,20-Jan-18
T1715,1,NV891,20-Jan-18,NV6152,20-Jan-18
T1716,2,NV891,20-Jan-18,NV6576,20-Jan-18
T1717,2,NV891,20-Jan-18,NV6576,20-Jan-18
T1718,1,NV891,20-Jan-18,NV6576,20-Jan-18
T1719,1,NV891,20-Jan-18,NV6700,20-Jan-18
T1720,2,NV343,20-Jan-18,NV336,20-Jan-18
T1721,1,NV343,20-Jan-18,NV6230,20-Jan-18
T1722,1,NV343,20-Jan-18,NV634,20-Jan-18
T1723,2,NV343,20-Jan-18,NV6152,20-Jan-18
T1724,2,NV343,20-Jan-18,NV6152,20-Jan-18
T1725,2,NV343,20-Jan-18,NV6152,20-Jan-18
T1726,2,NV343,20-Jan-18,NV6152,20-Jan-18
T1727,2,NV343,20-Jan-18,NV6152,20-Jan-18
T1728,2,NV343,20-Jan-18,NV6152,20-Jan-18
T1729,2,NV343,20-Jan-18,NV6152,20-Jan-18
T1730,2,NV343,20-Jan-18,NV6152,20-Jan-18
T1731,2,NV343,20-Jan-18,NV6152,20-Jan-18
T1732,2,NV343,20-Jan-18,NV6152,20-Jan-18
T1733,2,NV343,20-Jan-18,NV6152,20-Jan-18
T1734,2,NV343,20-Jan-18,NV6152,20-Jan-18
T1735,2,NV343,20-Jan-18,NV6152,20-Jan-18
T1736,1,NV343,20-Jan-18,NV6152,20-Jan-18
T1737,1,NV343,20-Jan-18,NV6504,20-Jan-18
T1738,2,NV343,20-Jan-18,NV630,20-Jan-18
T1739,1,NV343,20-Jan-18,NV6612,20-Jan-18
T1740,2,NV343,20-Jan-18,NV6577,20-Jan-18
T1741,2,NV343,20-Jan-18,NV6577,20-Jan-18
T1742,2,NV851,20-Jan-18,NV6738,20-Jan-18
T1743,2,NV851,20-Jan-18,NV6154,20-Jan-18
T1744,2,NV851,20-Jan-18,NV6154,20-Jan-18
T1745,2,NV851,20-Jan-18,NV6154,20-Jan-18
T1746,2,NV851,20-Jan-18,NV3263,20-Jan-18
T1747,1,NV851,20-Jan-18,NV6734,20-Jan-18
T1748,2,NV851,20-Jan-18,NV336,20-Jan-18
T1749,1,NV851,20-Jan-18,NV336,20-Jan-18
T1750,1,NV851,20-Jan-18,NV6616,20-Jan-18
T1751,2,NV851,20-Jan-18,NV6230,20-Jan-18
T1752,2,NV851,20-Jan-18,NV6230,20-Jan-18
T1753,1,NV851,20-Jan-18,NV6230,20-Jan-18
T1754,1,NV851,20-Jan-18,NV6514,20-Jan-18
T1755,2,NV851,20-Jan-18,NV6152,20-Jan-18
T1756,2,NV851,20-Jan-18,NV6152,20-Jan-18
T1757,2,NV851,20-Jan-18,NV6152,20-Jan-18
T1758,1,NV851,20-Jan-18,NV6152,20-Jan-18
T1759,1,NV851,20-Jan-18,NV6576,20-Jan-18
T1760,2,NV851,20-Jan-18,NV6577,20-Jan-18
T1761,1,NV851,20-Jan-18,NV3280,20-Jan-18
T1762,1,NV689,20-Jan-18,NV3263,20-Jan-18
T1763,2,NV689,20-Jan-18,NV6734,20-Jan-18
T1764,2,NV689,20-Jan-18,NV612,20-Jan-18
T1765,2,NV689,20-Jan-18,NV612,20-Jan-18
T1766,1,NV689,20-Jan-18,NV612,20-Jan-18
T1767,2,NV689,20-Jan-18,NV6616,20-Jan-18
T1768,1,NV689,20-Jan-18,NV6616,20-Jan-18
T1769,2,NV689,20-Jan-18,NV6230,20-Jan-18
T1770,2,NV689,20-Jan-18,NV6230,20-Jan-18
T1771,2,NV689,20-Jan-18,NV6230,20-Jan-18
T1772,2,NV689,20-Jan-18,NV6230,20-Jan-18
T1773,2,NV689,20-Jan-18,NV6446,20-Jan-18
T1774,2,NV689,20-Jan-18,NV6446,20-Jan-18
T1775,2,NV689,20-Jan-18,NV6446,20-Jan-18
T1776,2,NV689,20-Jan-18,NV6446,20-Jan-18
T1777,2,NV689,20-Jan-18,NV6446,20-Jan-18
T1778,1,NV689,20-Jan-18,NV6446,20-Jan-18
T1779,2,NV689,20-Jan-18,NV634,20-Jan-18
T1780,2,NV689,20-Jan-18,NV6152,20-Jan-18
T1781,2,NV689,20-Jan-18,NV6152,20-Jan-18
T1782,2,NV689,20-Jan-18,NV6152,20-Jan-18
T1783,2,NV689,20-Jan-18,NV6152,20-Jan-18
T1784,2,NV689,20-Jan-18,NV6152,20-Jan-18
T1785,1,NV689,20-Jan-18,NV6152,20-Jan-18
T1786,2,NV689,20-Jan-18,NV678,20-Jan-18
T1787,2,NV689,20-Jan-18,NV678,20-Jan-18
T1788,2,NV689,20-Jan-18,NV678,20-Jan-18
T1789,2,NV689,20-Jan-18,NV678,20-Jan-18
T1790,2,NV689,20-Jan-18,NV678,20-Jan-18
T1791,1,NV689,20-Jan-18,NV678,20-Jan-18
T1792,2,NV689,20-Jan-18,NV630,20-Jan-18
T1793,2,NV689,20-Jan-18,NV6700,20-Jan-18
T1794,1,NV689,20-Jan-18,NV6577,20-Jan-18
T1795,2,NV689,20-Jan-18,NV6684,20-Jan-18
T1796,2,NV689,20-Jan-18,NV866,20-Jan-18
T1797,2,NV689,20-Jan-18,NV866,20-Jan-18
T1798,2,NV689,20-Jan-18,NV316,20-Jan-18
T1799,2,NV689,20-Jan-18,NV6160,20-Jan-18
T1800,2,NV689,20-Jan-18,NV3196,20-Jan-18
T1801,2,NV689,20-Jan-18,NV3196,20-Jan-18
T1802,1,NV689,20-Jan-18,NV6644,20-Jan-18
T1803,1,NV883,20-Jan-18,NV6616,20-Jan-18
T1804,2,NV883,20-Jan-18,NV6230,20-Jan-18
T1805,2,NV883,20-Jan-18,NV6230,20-Jan-18
T1806,2,NV883,20-Jan-18,NV6514,20-Jan-18
T1807,1,NV883,20-Jan-18,NV6514,20-Jan-18
T1808,2,NV883,20-Jan-18,NV6612,20-Jan-18
T1809,2,NV883,20-Jan-18,NV6577,20-Jan-18
T1810,2,NV883,20-Jan-18,NV6577,20-Jan-18
T1811,2,NV883,20-Jan-18,NV6577,20-Jan-18
T1812,2,NV883,20-Jan-18,NV6577,20-Jan-18
T1813,2,NV883,20-Jan-18,NV6577,20-Jan-18
T1814,2,NV883,20-Jan-18,NV6577,20-Jan-18
T1815,2,NV883,20-Jan-18,NV6577,20-Jan-18
T1816,2,NV883,20-Jan-18,NV6577,20-Jan-18
T1817,2,NV883,20-Jan-18,NV3280,20-Jan-18
T1818,2,NV883,20-Jan-18,NV3280,20-Jan-18
T1819,2,NV883,20-Jan-18,NV3280,20-Jan-18
T1820,1,NV883,20-Jan-18,NV3280,20-Jan-18
T1821,1,NV883,20-Jan-18,NV316,20-Jan-18
T1822,1,NV883,20-Jan-18,NV6160,20-Jan-18
T1823,2,NV883,20-Jan-18,NV3196,20-Jan-18
T1824,2,NV883,20-Jan-18,NV3196,20-Jan-18
T1825,2,NV883,20-Jan-18,NV3196,20-Jan-18
T1826,2,NV883,20-Jan-18,NV3196,20-Jan-18
T1827,2,NV883,20-Jan-18,NV3196,20-Jan-18
T1828,2,NV883,20-Jan-18,NV3196,20-Jan-18
T1829,2,NV883,20-Jan-18,NV3196,20-Jan-18
T1830,2,NV883,20-Jan-18,GN0628,20-Jan-18
T1831,1,NV883,20-Jan-18,GN0628,20-Jan-18
T1832,2,NV883,20-Jan-18,NV6773,20-Jan-18
T1833,2,NV883,20-Jan-18,NV6773,20-Jan-18
T1834,2,NV883,20-Jan-18,NV6773,20-Jan-18
T1835,2,NV883,20-Jan-18,NV6773,20-Jan-18
T1836,2,NV883,20-Jan-18,NV6773,20-Jan-18
T1837,2,NV883,20-Jan-18,NV6773,20-Jan-18
T1838,2,NV883,20-Jan-18,NV6773,20-Jan-18
T1839,2,NV883,20-Jan-18,NV6773,20-Jan-18
T1840,2,NV883,20-Jan-18,NV6773,20-Jan-18
T1841,2,NV883,20-Jan-18,NV6773,20-Jan-18
T1842,2,NV883,20-Jan-18,NV6773,20-Jan-18
T1843,2,NV883,20-Jan-18,NV6773,20-Jan-18
T1844,2,NV883,20-Jan-18,NV6773,20-Jan-18
T1845,2,NV883,20-Jan-18,NV6773,20-Jan-18
T1846,2,NV883,20-Jan-18,NV6773,20-Jan-18
T1847,2,NV6157,20-Jan-18,NV3196,20-Jan-18
T1848,1,NV6157,20-Jan-18,NV3196,20-Jan-18
T1849,1,NV6157,20-Jan-18,NV698,20-Jan-18
T1850,1,NV665,20-Jan-18,NV6734,20-Jan-18
T1851,1,NV665,20-Jan-18,NV336,20-Jan-18
T1852,2,NV665,20-Jan-18,NV6616,20-Jan-18
T1853,1,NV665,20-Jan-18,NV6616,20-Jan-18
T1854,1,NV665,20-Jan-18,GN0630,20-Jan-18
T1855,2,NV665,20-Jan-18,NV6504,20-Jan-18
T1856,1,NV665,20-Jan-18,NV678,20-Jan-18
T1857,1,NV665,20-Jan-18,NV6576,20-Jan-18
T1858,1,NV665,20-Jan-18,NV6576,20-Jan-18
T1859,2,NV665,20-Jan-18,NV6612,20-Jan-18
T1860,2,NV665,20-Jan-18,NV6612,20-Jan-18
T1861,2,NV665,20-Jan-18,NV6612,20-Jan-18
T1862,2,NV665,20-Jan-18,NV6612,20-Jan-18
T1863,2,NV665,20-Jan-18,NV6612,20-Jan-18
T1864,1,NV665,20-Jan-18,NV6612,20-Jan-18
T1865,1,NV665,20-Jan-18,NV316,20-Jan-18
T1866,1,NV665,20-Jan-18,NV6644,20-Jan-18
T1867,2,NV665,20-Jan-18,GN0628,20-Jan-18
T1868,1,NV665,20-Jan-18,GN0628,20-Jan-18
T1869,1,NV665,20-Jan-18,NV628,20-Jan-18
T1870,1,NV393,20-Jan-18,NV634,20-Jan-18
T1871,2,NV393,20-Jan-18,NV6160,20-Jan-18
T1872,1,NV393,20-Jan-18,NV628,20-Jan-18
T1873,2,NV393,20-Jan-18,NV318,20-Jan-18
T1874,2,NV393,20-Jan-18,NV318,20-Jan-18
T1875,2,NV393,20-Jan-18,NV318,20-Jan-18
T1876,1,NV393,20-Jan-18,NV318,20-Jan-18
T1877,2,NV659,20-Jan-18,NV6616,20-Jan-18
T1878,2,NV659,20-Jan-18,NV634,20-Jan-18
T1879,1,NV659,20-Jan-18,NV634,20-Jan-18
T1880,2,NV659,20-Jan-18,NV6152,20-Jan-18
T1881,2,NV659,20-Jan-18,NV6152,20-Jan-18
T1882,2,NV659,20-Jan-18,NV306,20-Jan-18
T1883,2,NV659,20-Jan-18,NV306,20-Jan-18
T1884,2,NV659,20-Jan-18,NV306,20-Jan-18
T1885,1,NV659,20-Jan-18,NV630,20-Jan-18
T1886,2,NV659,20-Jan-18,NV6577,20-Jan-18
T1887,1,NV659,20-Jan-18,NV6160,20-Jan-18
T1888,2,NV659,20-Jan-18,NV698,20-Jan-18
T1889,2,NV659,20-Jan-18,NV698,20-Jan-18
T1890,2,NV659,20-Jan-18,NV698,20-Jan-18
T1891,2,NV659,20-Jan-18,NV698,20-Jan-18
T1892,1,NV659,20-Jan-18,NV698,20-Jan-18
T1893,2,NV659,20-Jan-18,NV828,20-Jan-18
T1894,2,NV659,20-Jan-18,NV318,20-Jan-18
T1895,2,NV659,20-Jan-18,NV318,20-Jan-18
T1896,2,NV659,20-Jan-18,NV318,20-Jan-18
T1897,2,NV659,20-Jan-18,NV318,20-Jan-18
T1898,1,NV659,20-Jan-18,NV318,20-Jan-18
T1899,2,NV6700,20-Jan-18,NV626,20-Jan-18
T1900,2,NV6700,20-Jan-18,NV626,20-Jan-18
T1901,1,NV6700,20-Jan-18,NV626,20-Jan-18
T1902,2,NV6700,20-Jan-18,NV3120,20-Jan-18
T1903,2,NV6700,20-Jan-18,NV698,20-Jan-18
T1904,2,NV6700,20-Jan-18,NV670,20-Jan-18
T1905,2,NV3992,20-Jan-18,NV316,20-Jan-18
T1906,2,NV3992,20-Jan-18,NV6160,20-Jan-18
T1907,2,NV3992,20-Jan-18,NV628,20-Jan-18
T1908,1,NV3992,20-Jan-18,NV628,20-Jan-18
T1909,2,NV3992,20-Jan-18,NV6773,20-Jan-18
T1910,2,NV3992,20-Jan-18,NV6773,20-Jan-18
T1911,2,NV3992,20-Jan-18,NV698,20-Jan-18
T1912,1,NV3992,20-Jan-18,NV698,20-Jan-18
T1913,1,NV3992,20-Jan-18,NV820,20-Jan-18
T1914,2,NV3992,20-Jan-18,NV828,20-Jan-18
T1915,2,NV3992,20-Jan-18,NV632,20-Jan-18
T1916,1,NV3992,20-Jan-18,NV632,20-Jan-18
T1917,2,NV3992,20-Jan-18,NV318,20-Jan-18
T1918,2,NV3992,20-Jan-18,NV318,20-Jan-18
T1919,2,NV3992,20-Jan-18,NV346,20-Jan-18
T1920,1,NV3992,20-Jan-18,NV346,20-Jan-18
T1921,2,NV3992,20-Jan-18,NV670,20-Jan-18
T1922,2,NV3992,20-Jan-18,NV670,20-Jan-18
T1923,2,NV3992,20-Jan-18,NV670,20-Jan-18
T1924,1,NV3992,20-Jan-18,NV810,20-Jan-18
T1925,2,NV6135,20-Jan-18,NV318,20-Jan-18
T1926,1,NV6135,20-Jan-18,NV670,20-Jan-18
T1927,2,NV6135,20-Jan-18,NV810,20-Jan-18
T1928,2,NV6135,20-Jan-18,NV810,20-Jan-18
T1929,2,NV6135,20-Jan-18,NV810,20-Jan-18
T1930,2,NV6135,20-Jan-18,NV810,20-Jan-18
T1931,2,NV6135,20-Jan-18,NV303,20-Jan-18
T1932,2,NV6135,20-Jan-18,NV694,20-Jan-18
T1933,2,NV6135,20-Jan-18,NV694,20-Jan-18
T1934,1,NV6135,20-Jan-18,NV694,20-Jan-18
T1935,1,NV6135,20-Jan-18,NV692,20-Jan-18
T1936,2,NV6577,20-Jan-18,NV698,20-Jan-18
T1937,2,NV6577,20-Jan-18,NV632,20-Jan-18
T1938,1,NV6577,20-Jan-18,NV632,20-Jan-18
T1939,2,NV6577,20-Jan-18,NV318,20-Jan-18
T1940,2,NV6577,20-Jan-18,NV6144,20-Jan-18
T1941,2,NV6577,20-Jan-18,NV858,20-Jan-18
T1942,1,NV6577,20-Jan-18,NV670,20-Jan-18
T1943,2,NV6577,20-Jan-18,NV694,20-Jan-18
T1944,1,NV6577,20-Jan-18,NV694,20-Jan-18
T1945,2,NV6697,20-Jan-18,NV698,20-Jan-18
T1946,2,NV6697,20-Jan-18,NV698,20-Jan-18
T1947,2,NV6697,20-Jan-18,NV828,20-Jan-18
T1948,2,NV6697,20-Jan-18,NV346,20-Jan-18
T1949,1,NV6697,20-Jan-18,NV858,20-Jan-18
T1950,2,NV6697,20-Jan-18,NV670,20-Jan-18
T1951,2,NV6697,20-Jan-18,NV670,20-Jan-18
T1952,2,NV6697,20-Jan-18,NV670,20-Jan-18
T1953,2,NV6697,20-Jan-18,NV670,20-Jan-18
T1954,1,NV6697,20-Jan-18,NV810,20-Jan-18
T1955,2,NV6697,20-Jan-18,NV898,20-Jan-18
T1956,2,NV6697,20-Jan-18,NV898,20-Jan-18
T1957,2,NV6697,20-Jan-18,NV898,20-Jan-18
T1958,2,NV6697,20-Jan-18,NV898,20-Jan-18
T1959,2,NV6697,20-Jan-18,NV898,20-Jan-18
T1960,1,NV6697,20-Jan-18,NV898,20-Jan-18
T1961,1,NV6697,20-Jan-18,NV692,20-Jan-18
T1962,1,NV6645,20-Jan-18,NV618,20-Jan-18
T1963,2,NV6645,20-Jan-18,NV632,20-Jan-18
T1964,1,NV6645,20-Jan-18,NV318,20-Jan-18
T1965,1,NV6645,20-Jan-18,NV614,20-Jan-18
T1966,1,NV6645,20-Jan-18,NV694,20-Jan-18
T1967,2,NV6698,20-Jan-18,NV628,20-Jan-18
T1968,1,NV6698,20-Jan-18,NV628,20-Jan-18
T1969,1,NV6698,20-Jan-18,NV3120,20-Jan-18
T1970,2,NV6698,20-Jan-18,NV820,20-Jan-18
T1971,2,NV6698,20-Jan-18,NV820,20-Jan-18
T1972,2,NV6698,20-Jan-18,NV632,20-Jan-18
T1973,2,NV6698,20-Jan-18,NV632,20-Jan-18
T1974,2,NV6698,20-Jan-18,NV858,20-Jan-18
T1975,1,NV6698,20-Jan-18,NV858,20-Jan-18
T1976,1,NV6698,20-Jan-18,NV810,20-Jan-18
T1977,2,NV6698,20-Jan-18,NV640,20-Jan-18
T1978,2,NV3620,20-Jan-18,NV628,20-Jan-18
T1979,1,NV3620,20-Jan-18,NV3120,20-Jan-18
T1980,1,NV3620,20-Jan-18,NV820,20-Jan-18
T1981,2,NV3620,20-Jan-18,NV828,20-Jan-18
T1982,2,NV3620,20-Jan-18,NV318,20-Jan-18
T1983,2,NV3620,20-Jan-18,NV346,20-Jan-18
T1984,1,NV3620,20-Jan-18,NV346,20-Jan-18
T1985,1,NV3620,20-Jan-18,NV6118,20-Jan-18
T1986,2,NV6684,20-Jan-18,NV618,20-Jan-18
T1987,2,NV6684,20-Jan-18,NV618,20-Jan-18
T1988,2,NV6684,20-Jan-18,NV618,20-Jan-18
T1989,2,NV6684,20-Jan-18,NV618,20-Jan-18
T1990,2,NV6684,20-Jan-18,NV618,20-Jan-18
T1991,2,NV6684,20-Jan-18,NV618,20-Jan-18
T1992,2,NV6684,20-Jan-18,NV618,20-Jan-18
T1993,2,NV6684,20-Jan-18,NV618,20-Jan-18
T1994,1,NV6684,20-Jan-18,NV698,20-Jan-18
T1995,2,NV6684,20-Jan-18,NV632,20-Jan-18
T1996,1,NV6684,20-Jan-18,NV632,20-Jan-18
T1997,2,NV6684,20-Jan-18,NV318,20-Jan-18
T1998,1,NV6684,20-Jan-18,NV318,20-Jan-18
T1999,2,NV6684,20-Jan-18,NV346,20-Jan-18
T2000,1,NV6684,20-Jan-18,NV346,20-Jan-18
T2001,1,NV6684,20-Jan-18,NV614,20-Jan-18
T2002,1,NV6684,20-Jan-18,NV670,20-Jan-18
T2003,2,NV6684,20-Jan-18,NV810,20-Jan-18
T2004,1,NV6684,20-Jan-18,NV810,20-Jan-18
T2005,2,NV6684,20-Jan-18,NV694,20-Jan-18
T2006,1,NV6684,20-Jan-18,NV694,20-Jan-18
T2007,2,GN0631,20-Jan-18,NV670,20-Jan-18
T2008,2,GN0631,20-Jan-18,NV670,20-Jan-18
T2009,1,NV628,20-Jan-18,NV3120,20-Jan-18
T2010,1,NV628,20-Jan-18,NV698,20-Jan-18
T2011,1,NV628,20-Jan-18,NV820,20-Jan-18
T2012,2,NV628,20-Jan-18,NV828,20-Jan-18
T2013,1,NV628,20-Jan-18,NV632,20-Jan-18
T2014,2,NV628,20-Jan-18,NV318,20-Jan-18
T2015,2,NV628,20-Jan-18,NV318,20-Jan-18
T2016,2,NV628,20-Jan-18,NV318,20-Jan-18
T2017,2,NV628,20-Jan-18,NV858,20-Jan-18
T2018,1,NV628,20-Jan-18,NV670,20-Jan-18
T2019,2,NV628,20-Jan-18,NV398,20-Jan-18
T2020,2,NV628,20-Jan-18,NV398,20-Jan-18
T2021,1,NV698,20-Jan-18,NV820,20-Jan-18
T2022,2,NV698,20-Jan-18,NV318,20-Jan-18
T2023,2,NV698,20-Jan-18,NV318,20-Jan-18
T2024,2,NV698,20-Jan-18,NV318,20-Jan-18
T2025,1,NV698,20-Jan-18,NV318,20-Jan-18
T2026,2,NV698,20-Jan-18,NV6144,20-Jan-18
T2027,2,NV698,20-Jan-18,NV6144,20-Jan-18
T2028,1,NV698,20-Jan-18,NV6144,20-Jan-18
T2029,2,NV698,20-Jan-18,NV670,20-Jan-18
T2030,2,NV698,20-Jan-18,NV670,20-Jan-18
T2031,1,NV698,20-Jan-18,NV670,20-Jan-18
T2032,2,NV698,20-Jan-18,NV810,20-Jan-18
T2033,2,NV698,20-Jan-18,NV898,20-Jan-18
T2034,2,NV698,20-Jan-18,NV898,20-Jan-18
T2035,1,NV698,20-Jan-18,NV898,20-Jan-18
T2036,2,NV698,20-Jan-18,NV398,20-Jan-18
T2037,1,NV698,20-Jan-18,NV690,20-Jan-18
T2038,2,NV6773,20-Jan-18,NV618,20-Jan-18
T2039,2,NV6773,20-Jan-18,NV618,20-Jan-18
T2040,2,NV6773,20-Jan-18,NV618,20-Jan-18
T2041,1,NV6773,20-Jan-18,NV618,20-Jan-18
T2042,1,NV6773,20-Jan-18,NV828,20-Jan-18
T2043,1,NV6773,20-Jan-18,NV318,20-Jan-18
T2044,2,NV6773,20-Jan-18,NV6118,20-Jan-18
T2045,1,NV6773,20-Jan-18,NV614,20-Jan-18
T2046,1,NV6773,20-Jan-18,NV670,20-Jan-18
T2047,2,NV6773,20-Jan-18,NV305,20-Jan-18
T2048,2,NV6773,20-Jan-18,NV692,20-Jan-18
T2049,2,NV6773,20-Jan-18,NV692,20-Jan-18
T2050,1,NV6773,20-Jan-18,NV692,20-Jan-18
T2051,1,NV3513,20-Jan-18,NV3120,20-Jan-18
T2052,1,NV3513,20-Jan-18,NV820,20-Jan-18
T2053,2,NV3513,20-Jan-18,NV346,20-Jan-18
T2054,2,NV3513,20-Jan-18,NV346,20-Jan-18
T2055,2,NV3513,20-Jan-18,NV346,20-Jan-18
T2056,1,NV3513,20-Jan-18,NV346,20-Jan-18
T2057,1,NV3513,20-Jan-18,NV670,20-Jan-18
T2058,1,NV3513,20-Jan-18,NV694,20-Jan-18
T2059,2,NV3513,20-Jan-18,NV674,20-Jan-18
T2060,1,NV6655,20-Jan-18,NV318,20-Jan-18
T2061,2,NV6655,20-Jan-18,NV670,20-Jan-18
T2062,1,NV6655,20-Jan-18,NV670,20-Jan-18
T2063,1,NV6655,20-Jan-18,NV6713,20-Jan-18
T2064,2,NV6655,20-Jan-18,NV640,20-Jan-18
T2065,1,NV6655,20-Jan-18,NV662,20-Jan-18
T2066,1,NV6655,20-Jan-18,NV6488,20-Jan-18
T2067,1,NV6655,20-Jan-18,NV674,20-Jan-18
T2068,2,GN0571,20-Jan-18,NV318,20-Jan-18
T2069,2,NV6533,20-Jan-18,NV3120,20-Jan-18
T2070,2,NV6533,20-Jan-18,NV698,20-Jan-18
T2071,1,NV6533,20-Jan-18,NV828,20-Jan-18
T2072,2,NV6533,20-Jan-18,NV318,20-Jan-18
T2073,2,NV6533,20-Jan-18,NV318,20-Jan-18
T2074,2,NV6533,20-Jan-18,NV318,20-Jan-18
T2075,1,NV6533,20-Jan-18,NV318,20-Jan-18
T2076,2,NV6533,20-Jan-18,NV346,20-Jan-18
T2077,2,NV6533,20-Jan-18,NV858,20-Jan-18
T2078,1,NV6533,20-Jan-18,NV858,20-Jan-18
T2079,1,NV6533,20-Jan-18,NV6510,20-Jan-18
T2080,1,NV6163,20-Jan-18,NV618,20-Jan-18
T2081,2,NV6163,20-Jan-18,NV698,20-Jan-18
T2082,1,NV6163,20-Jan-18,NV346,20-Jan-18
T2083,1,NV6163,20-Jan-18,NV670,20-Jan-18
T2084,2,NV6163,20-Jan-18,NV810,20-Jan-18
T2085,2,NV6163,20-Jan-18,NV898,20-Jan-18
T2086,2,NV6163,20-Jan-18,NV674,20-Jan-18
T2087,2,NV6163,20-Jan-18,NV674,20-Jan-18
T2088,2,NV6163,20-Jan-18,NV674,20-Jan-18
T2089,2,NV6163,20-Jan-18,NV674,20-Jan-18
T2090,2,NV6163,20-Jan-18,NV676,20-Jan-18
T2091,2,NV6163,20-Jan-18,NV676,20-Jan-18
T2092,1,NV6163,20-Jan-18,NV676,20-Jan-18
T2093,1,NV6625,20-Jan-18,NV676,20-Jan-18
T2094,1,NV3612,20-Jan-18,NV690,20-Jan-18
T2095,1,NV6479,20-Jan-18,NV698,20-Jan-18
T2096,2,NV6479,20-Jan-18,NV820,20-Jan-18
T2097,2,NV6479,20-Jan-18,NV820,20-Jan-18
T2098,2,NV6479,20-Jan-18,NV820,20-Jan-18
T2099,2,NV6479,20-Jan-18,NV820,20-Jan-18
T2100,1,NV6479,20-Jan-18,NV828,20-Jan-18
T2101,2,NV6479,20-Jan-18,NV318,20-Jan-18
T2102,1,NV6479,20-Jan-18,NV858,20-Jan-18
T2103,2,NV6479,20-Jan-18,NV670,20-Jan-18
T2104,1,NV6479,20-Jan-18,NV640,20-Jan-18
T2105,1,NV6479,20-Jan-18,NV662,20-Jan-18
T2106,2,NV6479,20-Jan-18,NV690,20-Jan-18
T2107,1,NV6479,20-Jan-18,NV690,20-Jan-18
T2108,1,NV837,20-Jan-18,NV820,20-Jan-18
T2109,2,NV837,20-Jan-18,NV318,20-Jan-18
T2110,1,NV837,20-Jan-18,NV346,20-Jan-18
T2111,1,NV837,20-Jan-18,NV6316,20-Jan-18
T2112,2,NV837,20-Jan-18,NV670,20-Jan-18
T2113,1,NV837,20-Jan-18,NV810,20-Jan-18
T2114,1,NV837,20-Jan-18,NV898,20-Jan-18
T2115,2,NV837,20-Jan-18,NV3194,20-Jan-18
T2116,1,NV6313,20-Jan-18,NV632,20-Jan-18
T2117,1,NV6313,20-Jan-18,NV6732,20-Jan-18
T2118,1,NV6313,20-Jan-18,NV6144,20-Jan-18
T2119,1,NV6313,20-Jan-18,NV3194,20-Jan-18
T2120,1,NV6313,20-Jan-18,NV6510,20-Jan-18
T2121,2,NV6294,20-Jan-18,NV698,20-Jan-18
T2122,2,NV6294,20-Jan-18,NV828,20-Jan-18
T2123,2,NV6294,20-Jan-18,NV318,20-Jan-18
T2124,1,NV6294,20-Jan-18,NV346,20-Jan-18
T2125,2,NV6294,20-Jan-18,NV614,20-Jan-18
T2126,1,NV6294,20-Jan-18,NV670,20-Jan-18
T2127,2,NV6294,20-Jan-18,NV898,20-Jan-18
T2128,1,NV6294,20-Jan-18,NV898,20-Jan-18
T2129,2,NV6294,20-Jan-18,NV398,20-Jan-18
T2130,2,NV6294,20-Jan-18,NV398,20-Jan-18
T2131,2,NV6294,20-Jan-18,NV398,20-Jan-18
T2132,1,NV6294,20-Jan-18,NV694,20-Jan-18
T2133,2,NV6513,20-Jan-18,NV698,20-Jan-18
T2134,1,NV6513,20-Jan-18,NV828,20-Jan-18
T2135,1,NV6513,20-Jan-18,NV318,20-Jan-18
T2136,2,NV6513,20-Jan-18,NV670,20-Jan-18
T2137,1,NV6513,20-Jan-18,NV898,20-Jan-18
T2138,1,NV6513,20-Jan-18,NV694,20-Jan-18
T2139,2,NV6443,20-Jan-18,NV632,20-Jan-18
T2140,1,NV6443,20-Jan-18,NV346,20-Jan-18
T2141,1,NV6443,20-Jan-18,NV858,20-Jan-18
T2142,2,NV6443,20-Jan-18,NV670,20-Jan-18
T2143,2,NV6443,20-Jan-18,NV670,20-Jan-18
T2144,1,NV6443,20-Jan-18,NV670,20-Jan-18
T2145,2,NV6443,20-Jan-18,NV810,20-Jan-18
T2146,1,NV6443,20-Jan-18,NV810,20-Jan-18
T2147,1,NV6443,20-Jan-18,NV6510,20-Jan-18
T2148,2,NV3120,20-Jan-18,NV318,20-Jan-18
T2149,1,NV3120,20-Jan-18,NV318,20-Jan-18
T2150,2,NV3120,20-Jan-18,NV6144,20-Jan-18
T2151,1,NV3120,20-Jan-18,NV6144,20-Jan-18
T2152,2,NV3120,20-Jan-18,NV858,20-Jan-18
T2153,2,NV3120,20-Jan-18,NV858,20-Jan-18
T2154,2,NV3120,20-Jan-18,NV858,20-Jan-18
T2155,2,NV3120,20-Jan-18,NV858,20-Jan-18
T2156,2,NV3120,20-Jan-18,NV858,20-Jan-18
T2157,1,NV3120,20-Jan-18,NV858,20-Jan-18
T2158,1,NV3120,20-Jan-18,NV670,20-Jan-18
T2159,1,NV3120,20-Jan-18,NV810,20-Jan-18
T2160,2,NV3120,20-Jan-18,NV898,20-Jan-18
T2161,1,NV3120,20-Jan-18,NV640,20-Jan-18
T2162,2,NV3120,20-Jan-18,NV662,20-Jan-18
T2163,1,NV3120,20-Jan-18,NV694,20-Jan-18
T2164,1,NV632,20-Jan-18,NV318,20-Jan-18
T2165,2,NV632,20-Jan-18,NV346,20-Jan-18
T2166,1,NV632,20-Jan-18,NV346,20-Jan-18
T2167,2,NV632,20-Jan-18,NV858,20-Jan-18
T2168,1,NV632,20-Jan-18,NV898,20-Jan-18
T2169,2,NV632,20-Jan-18,NV692,20-Jan-18
T2170,1,NV632,20-Jan-18,NV690,20-Jan-18
T2171,2,NV323,20-Jan-18,NV318,20-Jan-18
T2172,2,NV323,20-Jan-18,NV318,20-Jan-18
T2173,2,NV323,20-Jan-18,NV318,20-Jan-18
T2174,2,NV323,20-Jan-18,NV318,20-Jan-18
T2175,2,NV323,20-Jan-18,NV318,20-Jan-18
T2176,2,NV323,20-Jan-18,NV318,20-Jan-18
T2177,2,NV323,20-Jan-18,NV318,20-Jan-18
T2178,2,NV323,20-Jan-18,NV318,20-Jan-18
T2179,2,NV323,20-Jan-18,NV318,20-Jan-18
T2180,2,NV323,20-Jan-18,NV318,20-Jan-18
T2181,2,NV323,20-Jan-18,NV318,20-Jan-18
T2182,2,NV323,20-Jan-18,NV318,20-Jan-18
T2183,2,NV323,20-Jan-18,NV318,20-Jan-18
T2184,2,NV323,20-Jan-18,NV318,20-Jan-18
T2185,2,NV323,20-Jan-18,NV318,20-Jan-18
T2186,2,NV323,20-Jan-18,NV318,20-Jan-18
T2187,2,NV323,20-Jan-18,NV318,20-Jan-18
T2188,2,NV323,20-Jan-18,NV318,20-Jan-18
T2189,2,NV323,20-Jan-18,NV318,20-Jan-18
T2190,2,NV323,20-Jan-18,NV318,20-Jan-18
T2191,2,NV323,20-Jan-18,NV318,20-Jan-18
T2192,2,NV323,20-Jan-18,NV318,20-Jan-18
T2193,1,NV323,20-Jan-18,NV810,20-Jan-18
T2194,2,NV323,20-Jan-18,NV898,20-Jan-18
T2195,1,NV323,20-Jan-18,NV898,20-Jan-18
T2196,2,NV323,20-Jan-18,NV694,20-Jan-18
T2197,2,NV323,20-Jan-18,NV694,20-Jan-18
T2198,2,NV323,20-Jan-18,NV694,20-Jan-18
T2199,2,NV323,20-Jan-18,NV694,20-Jan-18
T2200,2,NV323,20-Jan-18,NV694,20-Jan-18
T2201,2,NV323,20-Jan-18,NV694,20-Jan-18
T2202,2,NV323,20-Jan-18,NV694,20-Jan-18
T2203,2,NV323,20-Jan-18,NV694,20-Jan-18
T2204,1,NV323,20-Jan-18,NV694,20-Jan-18
T2205,2,NV323,20-Jan-18,NV6510,20-Jan-18
T2206,2,NV323,20-Jan-18,NV692,20-Jan-18
T2207,2,NV323,20-Jan-18,NV692,20-Jan-18
T2208,2,NV323,20-Jan-18,NV692,20-Jan-18
T2209,2,NV323,20-Jan-18,NV692,20-Jan-18
T2210,2,NV323,20-Jan-18,NV692,20-Jan-18
T2211,2,NV323,20-Jan-18,NV692,20-Jan-18
T2212,2,NV323,20-Jan-18,NV692,20-Jan-18
T2213,2,NV323,20-Jan-18,NV692,20-Jan-18
T2214,2,NV323,20-Jan-18,NV692,20-Jan-18
T2215,2,NV323,20-Jan-18,NV692,20-Jan-18
T2216,2,NV323,20-Jan-18,NV692,20-Jan-18
T2217,1,NV323,20-Jan-18,NV692,20-Jan-18
T2218,2,NV323,20-Jan-18,NV690,20-Jan-18
T2219,2,NV323,20-Jan-18,NV690,20-Jan-18
T2220,2,NV323,20-Jan-18,NV690,20-Jan-18
T2221,2,NV323,20-Jan-18,NV690,20-Jan-18
T2222,1,NV323,20-Jan-18,NV690,20-Jan-18
T2223,2,NV687,20-Jan-18,NV6713,20-Jan-18
T2224,2,NV687,20-Jan-18,NV6488,20-Jan-18
T2225,1,NV687,20-Jan-18,NV6488,20-Jan-18
T2226,1,NV687,20-Jan-18,NV6540,20-Jan-18
T2227,2,NV687,20-Jan-18,NV6574,20-Jan-18
T2228,2,NV687,20-Jan-18,NV6574,20-Jan-18
T2229,2,NV6731,20-Jan-18,NV318,20-Jan-18
T2230,2,NV6731,20-Jan-18,NV346,20-Jan-18
T2231,2,NV6731,20-Jan-18,NV614,20-Jan-18
T2232,1,NV6731,20-Jan-18,NV614,20-Jan-18
T2233,2,NV6731,20-Jan-18,NV6713,20-Jan-18
T2234,1,NV6731,20-Jan-18,NV6713,20-Jan-18
T2235,1,NV6731,20-Jan-18,NV898,20-Jan-18
T2236,2,NV6731,20-Jan-18,NV3118,20-Jan-18
T2237,2,NV6731,20-Jan-18,NV6488,20-Jan-18
T2238,1,NV6731,20-Jan-18,NV6488,20-Jan-18
T2239,1,NV6731,20-Jan-18,NV610,20-Jan-18
T2240,1,NV6731,20-Jan-18,NV692,20-Jan-18
T2241,1,NV6731,20-Jan-18,NV674,20-Jan-18
T2242,2,NV820,20-Jan-18,NV676,20-Jan-18
T2243,2,NV820,20-Jan-18,NV676,20-Jan-18
T2244,2,NV820,20-Jan-18,NV676,20-Jan-18
T2245,2,NV820,20-Jan-18,NV676,20-Jan-18
T2246,2,NV820,20-Jan-18,NV676,20-Jan-18
T2247,2,NV858,20-Jan-18,NV6118,20-Jan-18
T2248,2,NV858,20-Jan-18,NV6144,20-Jan-18
T2249,2,NV858,20-Jan-18,NV6144,20-Jan-18
T2250,2,NV858,20-Jan-18,NV6144,20-Jan-18
T2251,2,NV858,20-Jan-18,NV6144,20-Jan-18
T2252,2,NV858,20-Jan-18,NV6144,20-Jan-18
T2253,2,NV858,20-Jan-18,NV6144,20-Jan-18
T2254,2,NV858,20-Jan-18,NV6144,20-Jan-18
T2255,2,NV858,20-Jan-18,NV6144,20-Jan-18
T2256,1,NV858,20-Jan-18,NV6144,20-Jan-18
T2257,1,NV858,20-Jan-18,NV398,20-Jan-18
T2258,1,NV858,20-Jan-18,NV694,20-Jan-18
T2259,1,NV858,20-Jan-18,NV690,20-Jan-18
T2260,2,NV6713,20-Jan-18,NV318,20-Jan-18
T2261,2,NV6713,20-Jan-18,NV318,20-Jan-18
T2262,1,NV6713,20-Jan-18,NV318,20-Jan-18
T2263,2,NV6713,20-Jan-18,NV346,20-Jan-18
T2264,2,NV6713,20-Jan-18,NV614,20-Jan-18
T2265,2,NV6713,20-Jan-18,NV614,20-Jan-18
T2266,2,NV6713,20-Jan-18,NV614,20-Jan-18
T2267,2,NV6713,20-Jan-18,NV614,20-Jan-18
T2268,2,NV6713,20-Jan-18,NV614,20-Jan-18
T2269,2,NV6713,20-Jan-18,NV670,20-Jan-18
T2270,1,NV6713,20-Jan-18,NV670,20-Jan-18
T2271,1,NV6713,20-Jan-18,NV810,20-Jan-18
T2272,1,NV6713,20-Jan-18,NV398,20-Jan-18
T2273,2,NV6713,20-Jan-18,NV610,20-Jan-18
T2274,1,NV6713,20-Jan-18,NV690,20-Jan-18
T2275,2,NV6713,20-Jan-18,NV674,20-Jan-18
T2276,2,NV6713,20-Jan-18,NV674,20-Jan-18
T2277,1,NV6713,20-Jan-18,NV676,20-Jan-18
T2278,1,NV303,20-Jan-18,NV810,20-Jan-18
T2279,1,NV303,20-Jan-18,NV692,20-Jan-18
T2280,2,NV303,20-Jan-18,NV3703,20-Jan-18
T2281,1,NV303,20-Jan-18,NV674,20-Jan-18
T2282,2,NV303,20-Jan-18,NV676,20-Jan-18
T2283,1,NV303,20-Jan-18,NV676,20-Jan-18
T2284,2,NV643,20-Jan-18,NV670,20-Jan-18
T2285,2,NV643,20-Jan-18,NV3194,20-Jan-18
T2286,2,NV643,20-Jan-18,NV6488,20-Jan-18
T2287,1,NV643,20-Jan-18,NV694,20-Jan-18
T2288,1,NV643,20-Jan-18,NV3703,20-Jan-18
T2289,2,NV643,20-Jan-18,NV6722,20-Jan-18
T2290,2,NV643,20-Jan-18,NV6722,20-Jan-18
T2291,1,NV643,20-Jan-18,NV6722,20-Jan-18
T2292,2,NV643,20-Jan-18,NV674,20-Jan-18
T2293,1,NV643,20-Jan-18,NV674,20-Jan-18
T2294,2,NV305,20-Jan-18,NV6488,20-Jan-18
T2295,2,NV305,20-Jan-18,NV6488,20-Jan-18
T2296,1,NV305,20-Jan-18,NV6540,20-Jan-18
T2297,1,NV305,20-Jan-18,NV690,20-Jan-18
T2298,2,NV305,20-Jan-18,NV676,20-Jan-18
T2299,2,NV6785,20-Jan-18,NV640,20-Jan-18
T2300,2,NV6785,20-Jan-18,NV662,20-Jan-18
T2301,1,NV6785,20-Jan-18,NV662,20-Jan-18
T2302,2,NV6785,20-Jan-18,NV610,20-Jan-18
T2303,2,NV6785,20-Jan-18,NV610,20-Jan-18
T2304,2,NV6785,20-Jan-18,NV610,20-Jan-18
T2305,2,NV6785,20-Jan-18,NV610,20-Jan-18
T2306,2,NV6785,20-Jan-18,NV610,20-Jan-18
T2307,2,NV6785,20-Jan-18,NV610,20-Jan-18
T2308,1,NV6785,20-Jan-18,NV694,20-Jan-18
T2309,2,NV6785,20-Jan-18,NV692,20-Jan-18
T2310,1,NV6785,20-Jan-18,NV690,20-Jan-18
T2311,2,NV6785,20-Jan-18,NV674,20-Jan-18
T2312,1,NV6785,20-Jan-18,NV676,20-Jan-18
T2313,2,NV6307,20-Jan-18,NV640,20-Jan-18
T2314,1,NV6307,20-Jan-18,NV640,20-Jan-18
T2315,2,NV6307,20-Jan-18,NV662,20-Jan-18
T2316,2,NV6307,20-Jan-18,NV662,20-Jan-18
T2317,2,NV6307,20-Jan-18,NV690,20-Jan-18
T2318,1,NV6307,20-Jan-18,NV6198,20-Jan-18
T2319,2,NV6535,20-Jan-18,NV640,20-Jan-18
T2320,2,NV6535,20-Jan-18,NV640,20-Jan-18
T2321,1,NV6535,20-Jan-18,NV692,20-Jan-18
T2322,1,NV6535,20-Jan-18,NV690,20-Jan-18
T2323,2,NV6535,20-Jan-18,NV6198,20-Jan-18
T2324,2,NV841,20-Jan-18,NV3703,20-Jan-18
T2325,2,NV841,20-Jan-18,NV3703,20-Jan-18
T2326,2,NV841,20-Jan-18,NV3703,20-Jan-18
T2327,2,NV841,20-Jan-18,NV3703,20-Jan-18
T2328,2,NV841,20-Jan-18,NV3703,20-Jan-18
T2329,2,NV841,20-Jan-18,NV3703,20-Jan-18
T2330,2,NV841,20-Jan-18,NV3703,20-Jan-18
T2331,2,NV841,20-Jan-18,NV3703,20-Jan-18
T2332,1,NV841,20-Jan-18,NV3703,20-Jan-18
T2333,1,NV841,20-Jan-18,NV6540,20-Jan-18
T2334,2,NV841,20-Jan-18,NV3269,20-Jan-18
T2335,2,NV841,20-Jan-18,NV674,20-Jan-18
T2336,2,NV841,20-Jan-18,NV674,20-Jan-18
T2337,2,NV841,20-Jan-18,NV674,20-Jan-18
T2338,2,NV841,20-Jan-18,NV6574,20-Jan-18
T2339,2,NV835,20-Jan-18,NV6722,20-Jan-18
T2340,2,NV835,20-Jan-18,NV690,20-Jan-18
T2341,1,NV835,20-Jan-18,NV6198,20-Jan-18
T2342,2,NV835,20-Jan-18,NV6718,20-Jan-18
T2343,2,NV835,20-Jan-18,NV6718,20-Jan-18
T2344,1,NV835,20-Jan-18,NV6718,20-Jan-18
T2345,1,NV835,20-Jan-18,NV383,20-Jan-18
T2346,1,NV6749,20-Jan-18,NV6742,20-Jan-18
T2347,1,NV3703,20-Jan-18,NV6540,20-Jan-18
T2348,2,NV3703,20-Jan-18,NV6722,20-Jan-18
T2349,2,NV3703,20-Jan-18,NV6718,20-Jan-18
T2350,2,NV3703,20-Jan-18,NV6718,20-Jan-18
T2351,2,NV3703,20-Jan-18,NV6742,20-Jan-18
T2352,2,NV3703,20-Jan-18,NV6742,20-Jan-18
T2353,2,NV3703,20-Jan-18,NV6742,20-Jan-18
T2354,2,NV3703,20-Jan-18,NV6742,20-Jan-18
T2355,2,NV3703,20-Jan-18,NV6742,20-Jan-18
T2356,1,NV3703,20-Jan-18,NV6742,20-Jan-18
T2357,1,GN0375,20-Jan-18,NV382,20-Jan-18
T2358,2,NV674,20-Jan-18,NV6116,20-Jan-18
T2359,1,NV674,20-Jan-18,NV6116,20-Jan-18
T2360,1,NV674,20-Jan-18,NV656,20-Jan-18
T2361,1,NV674,20-Jan-18,NV616,20-Jan-18
T2362,2,NV674,20-Jan-18,NV682,20-Jan-18
T2363,2,NV3287,20-Jan-18,NV616,20-Jan-18
T2364,2,NV3266,20-Jan-18,NV686,20-Jan-18
T2365,1,NV3266,20-Jan-18,NV686,20-Jan-18
T2366,1,NV6155,20-Jan-18,NV6574,20-Jan-18
T2367,1,NV6155,20-Jan-18,NV6318,20-Jan-18
T2368,2,NV6155,20-Jan-18,NV656,20-Jan-18
T2369,2,NV6155,20-Jan-18,NV656,20-Jan-18
T2370,2,NV6155,20-Jan-18,NV656,20-Jan-18
T2371,2,NV6155,20-Jan-18,NV656,20-Jan-18
T2372,2,NV6155,20-Jan-18,NV656,20-Jan-18
T2373,2,NV6155,20-Jan-18,NV656,20-Jan-18
T2374,2,NV6155,20-Jan-18,NV656,20-Jan-18
T2375,2,NV6155,20-Jan-18,NV656,20-Jan-18
T2376,2,NV6155,20-Jan-18,NV656,20-Jan-18
T2377,2,NV6155,20-Jan-18,NV656,20-Jan-18
T2378,2,NV6155,20-Jan-18,NV656,20-Jan-18
T2379,2,NV6155,20-Jan-18,NV656,20-Jan-18
T2380,2,NV6155,20-Jan-18,NV656,20-Jan-18
T2381,2,NV6155,20-Jan-18,NV6742,20-Jan-18
T2382,2,NV6155,20-Jan-18,NV6742,20-Jan-18
T2383,2,NV6155,20-Jan-18,NV629,20-Jan-18
T2384,2,NV6155,20-Jan-18,NV629,20-Jan-18
T2385,2,NV6155,20-Jan-18,NV629,20-Jan-18
T2386,1,NV6155,20-Jan-18,NV3273,20-Jan-18
T2387,2,NV6735,20-Jan-18,NV6318,20-Jan-18
T2388,1,NV6735,20-Jan-18,NV6116,20-Jan-18
T2389,2,NV6735,20-Jan-18,NV656,20-Jan-18
T2390,2,NV6735,20-Jan-18,NV656,20-Jan-18
T2391,2,NV6735,20-Jan-18,NV656,20-Jan-18
T2392,2,NV6735,20-Jan-18,NV616,20-Jan-18
T2393,2,NV6735,20-Jan-18,NV616,20-Jan-18
T2394,1,NV6735,20-Jan-18,NV616,20-Jan-18
T2395,2,NV6735,20-Jan-18,NV6556,20-Jan-18
T2396,2,NV6735,20-Jan-18,NV6556,20-Jan-18
T2397,2,NV6735,20-Jan-18,NV6556,20-Jan-18
T2398,2,NV6735,20-Jan-18,NV6556,20-Jan-18
T2399,1,NV6719,20-Jan-18,NV6116,20-Jan-18
T2400,1,NV6719,20-Jan-18,NV656,20-Jan-18
T2401,2,NV6719,20-Jan-18,NV616,20-Jan-18
T2402,2,NV6719,20-Jan-18,NV616,20-Jan-18
T2403,1,NV6719,20-Jan-18,NV6556,20-Jan-18
T2404,1,NV6719,20-Jan-18,NV686,20-Jan-18
T2405,2,NV383,20-Jan-18,NV6574,20-Jan-18
T2406,2,NV383,20-Jan-18,NV6574,20-Jan-18
T2407,1,NV383,20-Jan-18,NV6574,20-Jan-18
T2408,2,NV383,20-Jan-18,NV6685,20-Jan-18
T2409,1,NV383,20-Jan-18,NV6685,20-Jan-18
T2410,1,NV383,20-Jan-18,NV616,20-Jan-18
T2411,2,NV383,20-Jan-18,NV6742,20-Jan-18
T2412,2,NV383,20-Jan-18,NV6742,20-Jan-18
T2413,2,NV383,20-Jan-18,NV6742,20-Jan-18
T2414,2,NV383,20-Jan-18,NV6742,20-Jan-18
T2415,2,NV383,20-Jan-18,NV6742,20-Jan-18
T2416,2,NV383,20-Jan-18,NV6742,20-Jan-18
T2417,2,NV383,20-Jan-18,GN0348,20-Jan-18
T2418,2,NV383,20-Jan-18,NV0746,20-Jan-18
T2419,1,NV383,20-Jan-18,NV0746,20-Jan-18
T2420,1,NV383,20-Jan-18,NV629,20-Jan-18
T2421,1,NV6727,20-Jan-18,NV6116,20-Jan-18
T2422,1,NV6153,20-Jan-18,NV3465,20-Jan-18
T2423,2,NV6153,20-Jan-18,NV656,20-Jan-18
T2424,2,NV6153,20-Jan-18,NV656,20-Jan-18
T2425,1,NV6153,20-Jan-18,NV656,20-Jan-18
T2426,1,NV6153,20-Jan-18,NV616,20-Jan-18
T2427,2,NV6153,20-Jan-18,NV6742,20-Jan-18
T2428,1,NV6153,20-Jan-18,NV6556,20-Jan-18
T2429,1,NV6153,20-Jan-18,NV0746,20-Jan-18
T2430,2,NV6153,20-Jan-18,NV629,20-Jan-18
T2431,2,NV6153,20-Jan-18,NV629,20-Jan-18
T2432,2,NV6153,20-Jan-18,NV3273,20-Jan-18
T2433,1,NV6928,20-Jan-18,NV3702,20-Jan-18
T2434,2,NV6575,20-Jan-18,NV616,20-Jan-18
T2435,2,NV6575,20-Jan-18,NV382,20-Jan-18
T2436,2,NV6575,20-Jan-18,NV382,20-Jan-18
T2437,2,NV6575,20-Jan-18,NV382,20-Jan-18
T2438,2,NV6575,20-Jan-18,NV382,20-Jan-18
T2439,2,NV6575,20-Jan-18,NV382,20-Jan-18
T2440,2,NV6575,20-Jan-18,NV382,20-Jan-18
T2441,1,NV6575,20-Jan-18,NV686,20-Jan-18
T2442,1,NV6575,20-Jan-18,NV686,20-Jan-18
T2443,1,NV6575,20-Jan-18,NV302,20-Jan-18
T2444,1,NV6575,20-Jan-18,NV302,20-Jan-18
T2445,1,NV6575,20-Jan-18,NV6162,20-Jan-18
T2446,2,NV6575,20-Jan-18,NV6162,20-Jan-18
T2447,2,NV6575,20-Jan-18,NV6162,20-Jan-18
T2448,1,NV6575,20-Jan-18,NV6162,20-Jan-18
T2449,1,NV6575,20-Jan-18,NV642,20-Jan-18
T2450,1,NV6575,20-Jan-18,NV642,20-Jan-18
T2451,2,NV6575,20-Jan-18,NV830,20-Jan-18
T2452,2,NV6575,20-Jan-18,NV830,20-Jan-18
T2453,2,NV6575,20-Jan-18,NV830,20-Jan-18
T2454,2,NV6575,20-Jan-18,NV830,20-Jan-18
T2455,2,NV6575,20-Jan-18,NV830,20-Jan-18
T2456,2,NV6575,20-Jan-18,NV830,20-Jan-18
T2457,2,NV6575,20-Jan-18,NV830,20-Jan-18
T2458,2,NV6575,20-Jan-18,NV830,20-Jan-18
T2459,2,NV6575,20-Jan-18,NV830,20-Jan-18
T2460,2,NV6575,20-Jan-18,NV830,20-Jan-18
T2461,1,NV6575,20-Jan-18,NV830,20-Jan-18
T2462,2,NV6575,20-Jan-18,NV830,20-Jan-18
T2463,2,NV3654,20-Jan-18,NV686,20-Jan-18
T2464,1,NV3654,20-Jan-18,NV686,20-Jan-18
T2465,1,NV3654,20-Jan-18,NV682,20-Jan-18
T2466,1,NV3654,20-Jan-18,NV638,20-Jan-18
T2467,1,NV3654,20-Jan-18,NV304,20-Jan-18
T2468,1,NV3654,20-Jan-18,NV3702,20-Jan-18
T2469,1,NV3654,20-Jan-18,NV642,20-Jan-18
T2470,2,NV3654,20-Jan-18,NV830,20-Jan-18
T2471,2,NV3654,20-Jan-18,NV830,20-Jan-18
T2472,2,NV3654,20-Jan-18,NV830,20-Jan-18
T2473,1,NV3654,20-Jan-18,NV830,20-Jan-18
T2474,2,NV6171,20-Jan-18,NV6685,20-Jan-18
T2475,2,NV6171,20-Jan-18,NV656,20-Jan-18
T2476,2,NV6171,20-Jan-18,NV656,20-Jan-18
T2477,2,NV6171,20-Jan-18,NV656,20-Jan-18
T2478,2,NV6171,20-Jan-18,NV656,20-Jan-18
T2479,2,NV6171,20-Jan-18,NV656,20-Jan-18
T2480,2,NV6171,20-Jan-18,NV616,20-Jan-18
T2481,2,NV6171,20-Jan-18,NV616,20-Jan-18
T2482,2,NV6171,20-Jan-18,NV616,20-Jan-18
T2483,2,NV6171,20-Jan-18,NV616,20-Jan-18
T2484,2,NV6171,20-Jan-18,NV616,20-Jan-18
T2485,1,NV6171,20-Jan-18,NV616,20-Jan-18
T2486,1,NV6171,20-Jan-18,NV6556,20-Jan-18
T2487,1,NV6171,20-Jan-18,NV6736,20-Jan-18
T2488,1,NV6171,20-Jan-18,NV629,20-Jan-18
T2489,1,NV6171,20-Jan-18,NV6462,20-Jan-18
T2490,2,NV6171,20-Jan-18,NV3273,20-Jan-18
T2491,2,NV6171,20-Jan-18,NV3273,20-Jan-18
T2492,2,NV6171,20-Jan-18,NV3273,20-Jan-18
T2493,1,NV6171,20-Jan-18,NV3273,20-Jan-18
T2494,2,NV873,20-Jan-18,NV6736,20-Jan-18
T2495,2,NV873,20-Jan-18,NV629,20-Jan-18
T2496,1,NV873,20-Jan-18,NV629,20-Jan-18
T2497,1,NV873,20-Jan-18,NV6308,20-Jan-18
T2498,2,NV6709,20-Jan-18,NV656,20-Jan-18
T2499,2,NV6709,20-Jan-18,NV656,20-Jan-18
T2500,2,NV6709,20-Jan-18,NV656,20-Jan-18
T2501,2,NV6709,20-Jan-18,NV656,20-Jan-18
T2502,1,NV6709,20-Jan-18,NV656,20-Jan-18
T2503,2,NV6709,20-Jan-18,NV616,20-Jan-18
T2504,2,NV6709,20-Jan-18,NV6742,20-Jan-18
T2505,2,NV6709,20-Jan-18,NV642,20-Jan-18
T2506,2,NV6709,20-Jan-18,NV642,20-Jan-18
T2507,2,NV6709,20-Jan-18,NV834,20-Jan-18
T2508,2,GN0477,20-Jan-18,NV686,20-Jan-18
T2509,1,NV6685,20-Jan-18,NV6736,20-Jan-18
T2510,2,NV6685,20-Jan-18,NV6726,20-Jan-18
T2511,1,NV6685,20-Jan-18,NV6726,20-Jan-18
T2512,1,NV6685,20-Jan-18,NV3702,20-Jan-18
T2513,2,NV6685,20-Jan-18,NV830,20-Jan-18
T2514,1,NV6685,20-Jan-18,NV831,20-Jan-18
T2515,1,NV6711,20-Jan-18,NV382,20-Jan-18
T2516,1,NV6711,20-Jan-18,NV302,20-Jan-18
T2517,1,NV6711,20-Jan-18,NV6162,20-Jan-18
T2518,2,NV6711,20-Jan-18,NV3702,20-Jan-18
T2519,2,NV6711,20-Jan-18,NV642,20-Jan-18
T2520,2,NV6711,20-Jan-18,NV848,20-Jan-18
T2521,1,NV6711,20-Jan-18,NV848,20-Jan-18
T2522,1,NV613,20-Jan-18,NV682,20-Jan-18
T2523,1,NV613,20-Jan-18,NV638,20-Jan-18
T2524,2,NV613,20-Jan-18,NV6726,20-Jan-18
T2525,1,NV613,20-Jan-18,NV6726,20-Jan-18
T2526,2,NV613,20-Jan-18,NV6710,20-Jan-18
T2527,1,NV613,20-Jan-18,NV6710,20-Jan-18
T2528,2,GN0423,20-Jan-18,NV686,20-Jan-18
T2529,2,NV629,20-Jan-18,NV3273,20-Jan-18
T2530,1,NV629,20-Jan-18,NV3277,20-Jan-18
T2531,1,NV629,20-Jan-18,NV6308,20-Jan-18
T2532,2,NV629,20-Jan-18,NV834,20-Jan-18
T2533,1,NV629,20-Jan-18,NV834,20-Jan-18
T2534,2,NV629,20-Jan-18,NV848,20-Jan-18
T2535,1,NV382,20-Jan-18,NV686,20-Jan-18
T2536,2,NV382,20-Jan-18,NV682,20-Jan-18
T2537,2,NV382,20-Jan-18,NV682,20-Jan-18
T2538,2,NV382,20-Jan-18,NV638,20-Jan-18
T2539,2,NV382,20-Jan-18,NV638,20-Jan-18
T2540,2,NV382,20-Jan-18,NV638,20-Jan-18
T2541,2,NV382,20-Jan-18,NV638,20-Jan-18
T2542,2,NV382,20-Jan-18,NV638,20-Jan-18
T2543,2,NV382,20-Jan-18,NV638,20-Jan-18
T2544,2,NV382,20-Jan-18,NV638,20-Jan-18
T2545,2,NV382,20-Jan-18,NV642,20-Jan-18
T2546,2,NV382,20-Jan-18,NV624,20-Jan-18
T2547,1,NV382,20-Jan-18,NV624,20-Jan-18
T2548,2,NV382,20-Jan-18,NV308,20-Jan-18
T2549,2,NV382,20-Jan-18,NV308,20-Jan-18
T2550,2,NV382,20-Jan-18,NV308,20-Jan-18
T2551,2,NV382,20-Jan-18,NV860,20-Jan-18
T2552,2,NV6453,20-Jan-18,NV686,20-Jan-18
T2553,1,NV6453,20-Jan-18,NV686,20-Jan-18
T2554,2,NV6453,20-Jan-18,NV304,20-Jan-18
T2555,1,NV6453,20-Jan-18,NV304,20-Jan-18
T2556,1,NV6453,20-Jan-18,NV3702,20-Jan-18
T2557,1,NV6453,20-Jan-18,NV642,20-Jan-18
T2558,1,NV6453,20-Jan-18,NV830,20-Jan-18
T2559,2,NV6453,20-Jan-18,NV308,20-Jan-18
T2560,1,NV657,20-Jan-18,NV682,20-Jan-18
T2561,2,NV657,20-Jan-18,NV6162,20-Jan-18
T2562,2,NV657,20-Jan-18,NV6162,20-Jan-18
T2563,2,NV657,20-Jan-18,NV3702,20-Jan-18
T2564,1,NV657,20-Jan-18,NV3702,20-Jan-18
T2565,2,NV657,20-Jan-18,NV308,20-Jan-18
T2566,2,NV657,20-Jan-18,NV308,20-Jan-18
T2567,2,NV657,20-Jan-18,NV308,20-Jan-18
T2568,1,NV657,20-Jan-18,NV308,20-Jan-18
T2569,1,NV3632,20-Jan-18,NV860,20-Jan-18
T2570,1,NV641,20-Jan-18,NV624,20-Jan-18
T2571,2,NV641,20-Jan-18,NV860,20-Jan-18
T2572,2,NV302,20-Jan-18,NV638,20-Jan-18
T2573,1,NV302,20-Jan-18,NV638,20-Jan-18
T2574,2,NV302,20-Jan-18,NV642,20-Jan-18
T2575,2,NV302,20-Jan-18,NV642,20-Jan-18
T2576,2,NV302,20-Jan-18,NV642,20-Jan-18
T2577,1,NV6265,20-Jan-18,NV308,20-Jan-18
T2578,2,NV6265,20-Jan-18,NV860,20-Jan-18
T2579,2,NV6265,20-Jan-18,NV860,20-Jan-18
T2580,1,NV627,20-Jan-18,NV6710,20-Jan-18
T2581,1,NV627,20-Jan-18,NV308,20-Jan-18
T2582,2,NV627,20-Jan-18,NV860,20-Jan-18
T2583,1,NV6657,20-Jan-18,NV638,20-Jan-18
T2584,1,NV6657,20-Jan-18,NV304,20-Jan-18
T2585,1,NV6657,20-Jan-18,NV834,20-Jan-18
T2586,1,NV6657,20-Jan-18,NV848,20-Jan-18
T2587,1,NV6657,20-Jan-18,NV860,20-Jan-18
T2588,1,NV813,20-Jan-18,NV638,20-Jan-18
T2589,2,NV813,20-Jan-18,NV3702,20-Jan-18
T2590,1,NV813,20-Jan-18,NV308,20-Jan-18
T2591,1,NV6910,20-Jan-18,NV688,20-Jan-18
T2592,2,NV6715,20-Jan-18,NV642,20-Jan-18
T2593,2,NV6715,20-Jan-18,NV834,20-Jan-18
T2594,1,NV6715,20-Jan-18,NV834,20-Jan-18
T2595,2,NV6715,20-Jan-18,NV624,20-Jan-18
T2596,1,NV6715,20-Jan-18,NV624,20-Jan-18
T2597,1,NV6715,20-Jan-18,NV308,20-Jan-18
T2598,2,NV6715,20-Jan-18,NV658,20-Jan-18
T2599,2,NV6715,20-Jan-18,NV658,20-Jan-18
T2600,1,NV3515,20-Jan-18,NV688,20-Jan-18
T2601,1,NV6671,20-Jan-18,NV688,20-Jan-18
T2602,1,NV3260,20-Jan-18,NV642,20-Jan-18
T2603,2,NV3260,20-Jan-18,NV830,20-Jan-18
T2604,2,NV3260,20-Jan-18,NV308,20-Jan-18
T2605,2,NV3260,20-Jan-18,NV308,20-Jan-18
T2606,2,NV3260,20-Jan-18,NV308,20-Jan-18
T2607,2,NV3260,20-Jan-18,NV308,20-Jan-18
T2608,2,NV3260,20-Jan-18,NV860,20-Jan-18
T2609,2,NV3260,20-Jan-18,NV860,20-Jan-18
T2610,1,NV3260,20-Jan-18,NV860,20-Jan-18
T2611,2,NV3260,20-Jan-18,NV672,20-Jan-18
T2612,2,NV3260,20-Jan-18,NV688,20-Jan-18
T2613,2,NV3260,20-Jan-18,NV688,20-Jan-18
T2614,2,NV3260,20-Jan-18,NV688,20-Jan-18
T2615,2,NV6225,20-Jan-18,NV308,20-Jan-18
T2616,2,NV6225,20-Jan-18,NV308,20-Jan-18
T2617,2,NV6377,20-Jan-18,NV831,20-Jan-18
T2618,2,NV3197,20-Jan-18,NV6784,20-Jan-18
T2619,2,NV3197,20-Jan-18,NV6784,20-Jan-18
T2620,1,NV3197,20-Jan-18,NV672,20-Jan-18
T2621,1,NV3702,20-Jan-18,NV642,20-Jan-18
T2622,1,NV3702,20-Jan-18,NV830,20-Jan-18
T2623,2,NV3702,20-Jan-18,NV848,20-Jan-18
T2624,1,NV3702,20-Jan-18,NV848,20-Jan-18
T2625,2,NV3702,20-Jan-18,NV308,20-Jan-18
T2626,2,NV3702,20-Jan-18,NV308,20-Jan-18
T2627,1,NV3702,20-Jan-18,NV308,20-Jan-18
T2628,2,NV3702,20-Jan-18,NV860,20-Jan-18
T2629,2,NV3702,20-Jan-18,NV860,20-Jan-18
T2630,1,NV3702,20-Jan-18,NV688,20-Jan-18
T2631,2,NV304,20-Jan-18,NV642,20-Jan-18
T2632,1,NV304,20-Jan-18,NV642,20-Jan-18
T2633,1,NV304,20-Jan-18,NV848,20-Jan-18
T2634,2,NV304,20-Jan-18,NV308,20-Jan-18
T2635,2,NV304,20-Jan-18,NV308,20-Jan-18
T2636,1,NV304,20-Jan-18,NV308,20-Jan-18
T2637,1,NV635,20-Jan-18,NV834,20-Jan-18
T2638,1,NV635,20-Jan-18,NV3631,20-Jan-18
T2639,1,NV635,20-Jan-18,NV3410,20-Jan-18
T2640,1,NV635,20-Jan-18,NV6784,20-Jan-18
T2641,1,NV635,20-Jan-18,NV308,20-Jan-18
T2642,1,NV635,20-Jan-18,NV6588,20-Jan-18
T2643,2,NV635,20-Jan-18,NV672,20-Jan-18
T2644,2,NV635,20-Jan-18,NV672,20-Jan-18
T2645,2,NV635,20-Jan-18,NV859,20-Jan-18
T2646,2,NV635,20-Jan-18,NV859,20-Jan-18
T2647,2,NV635,20-Jan-18,NV859,20-Jan-18
T2648,2,NV635,20-Jan-18,NV859,20-Jan-18
T2649,2,NV635,20-Jan-18,NV859,20-Jan-18
T2650,2,NV635,20-Jan-18,NV859,20-Jan-18
T2651,2,NV635,20-Jan-18,NV859,20-Jan-18
T2652,2,NV635,20-Jan-18,NV859,20-Jan-18
T2653,2,NV635,20-Jan-18,NV859,20-Jan-18
T2654,2,NV307,20-Jan-18,NV6784,20-Jan-18
T2655,1,NV307,20-Jan-18,NV6528,20-Jan-18
T2656,1,NV391,20-Jan-18,NV658,20-Jan-18
T2657,2,NV6457,20-Jan-18,NV6720,20-Jan-18
T2658,2,NV6457,20-Jan-18,NV6720,20-Jan-18
T2659,2,NV6457,20-Jan-18,NV6720,20-Jan-18
T2660,2,NV6457,20-Jan-18,NV688,20-Jan-18
T2661,2,NV6717,20-Jan-18,NV834,20-Jan-18
T2662,1,NV6717,20-Jan-18,NV658,20-Jan-18
T2663,1,NV6119,20-Jan-18,NV3787,20-Jan-18
T2664,1,NV6119,20-Jan-18,NV3631,20-Jan-18
T2665,1,NV6119,20-Jan-18,NV831,20-Jan-18
T2666,2,NV6119,20-Jan-18,NV3131,20-Jan-18
T2667,2,NV6119,20-Jan-18,NV6784,20-Jan-18
T2668,2,NV6119,20-Jan-18,NV6784,20-Jan-18
T2669,1,NV6119,20-Jan-18,NV6784,20-Jan-18
T2670,2,NV6119,20-Jan-18,NV308,20-Jan-18
T2671,2,NV6119,20-Jan-18,NV308,20-Jan-18
T2672,2,NV6119,20-Jan-18,NV6720,20-Jan-18
T2673,2,NV6119,20-Jan-18,NV6720,20-Jan-18
T2674,1,NV6119,20-Jan-18,NV6325,20-Jan-18
T2675,2,NV6119,20-Jan-18,NV688,20-Jan-18
T2676,1,NV6119,20-Jan-18,NV688,20-Jan-18
T2677,1,NV6119,20-Jan-18,NV859,20-Jan-18
T2678,1,NV6145,20-Jan-18,NV3787,20-Jan-18
T2679,2,NV6145,20-Jan-18,NV831,20-Jan-18
T2680,1,NV6145,20-Jan-18,NV831,20-Jan-18
T2681,2,NV6145,20-Jan-18,NV3131,20-Jan-18
T2682,1,NV6145,20-Jan-18,NV3131,20-Jan-18
T2683,2,NV6145,20-Jan-18,NV848,20-Jan-18
T2684,1,NV6145,20-Jan-18,NV848,20-Jan-18
T2685,2,NV6145,20-Jan-18,NV308,20-Jan-18
T2686,2,NV6145,20-Jan-18,NV308,20-Jan-18
T2687,2,NV6145,20-Jan-18,NV308,20-Jan-18
T2688,2,NV6145,20-Jan-18,NV308,20-Jan-18
T2689,2,NV6145,20-Jan-18,NV308,20-Jan-18
T2690,2,NV6145,20-Jan-18,NV860,20-Jan-18
T2691,1,NV6145,20-Jan-18,NV860,20-Jan-18
T2692,2,NV6145,20-Jan-18,NV6588,20-Jan-18
T2693,2,NV6145,20-Jan-18,NV672,20-Jan-18
T2694,2,NV6145,20-Jan-18,NV658,20-Jan-18
T2695,2,NV6145,20-Jan-18,NV658,20-Jan-18
T2696,2,NV6145,20-Jan-18,NV658,20-Jan-18
T2697,2,NV6145,20-Jan-18,NV658,20-Jan-18
T2698,1,NV6145,20-Jan-18,NV658,20-Jan-18
T2699,1,NV6145,20-Jan-18,NV6325,20-Jan-18
T2700,2,NV6145,20-Jan-18,NV688,20-Jan-18
T2701,2,NV6145,20-Jan-18,NV688,20-Jan-18
T2702,2,NV6145,20-Jan-18,NV633,20-Jan-18
T2703,2,NV6145,20-Jan-18,NV6544,20-Jan-18
T2704,2,NV6145,20-Jan-18,NV3655,20-Jan-18
T2705,2,NV6145,20-Jan-18,NV6478,20-Jan-18
T2706,2,NV6145,20-Jan-18,NV6478,20-Jan-18
T2707,2,NV6145,20-Jan-18,NV6478,20-Jan-18
T2708,2,NV6145,20-Jan-18,NV826,20-Jan-18
T2709,2,NV6145,20-Jan-18,NV826,20-Jan-18
T2710,1,NV6145,20-Jan-18,NV826,20-Jan-18
T2711,1,NV619,20-Jan-18,NV831,20-Jan-18
T2712,2,NV619,20-Jan-18,NV6784,20-Jan-18
T2713,2,NV619,20-Jan-18,NV6784,20-Jan-18
T2714,2,NV619,20-Jan-18,NV6784,20-Jan-18
T2715,2,NV619,20-Jan-18,NV308,20-Jan-18
T2716,2,NV619,20-Jan-18,NV308,20-Jan-18
T2717,1,NV619,20-Jan-18,NV308,20-Jan-18
T2718,1,NV619,20-Jan-18,NV6720,20-Jan-18
T2719,2,NV619,20-Jan-18,NV688,20-Jan-18
T2720,2,NV619,20-Jan-18,NV6714,20-Jan-18
T2721,2,NV619,20-Jan-18,NV6714,20-Jan-18
T2722,2,NV6301,20-Jan-18,NV6720,20-Jan-18
T2723,1,NV6301,20-Jan-18,NV6325,20-Jan-18
T2724,2,NV6301,20-Jan-18,NV6714,20-Jan-18
T2725,2,NV6301,20-Jan-18,NV6714,20-Jan-18
T2726,2,NV6301,20-Jan-18,NV6714,20-Jan-18
T2727,1,NV6301,20-Jan-18,NV6714,20-Jan-18
T2728,2,NV3786,20-Jan-18,NV658,20-Jan-18
T2729,1,NV3786,20-Jan-18,NV699,20-Jan-18
T2730,1,NV3131,20-Jan-18,NV6297,20-Jan-18
T2731,1,NV3131,20-Jan-18,NV6714,20-Jan-18
T2732,1,NV3131,20-Jan-18,NV6578,20-Jan-18
T2733,1,NV3131,20-Jan-18,NV699,20-Jan-18
T2734,2,NV6489,20-Jan-18,NV6784,20-Jan-18
T2735,2,NV6489,20-Jan-18,NV6714,20-Jan-18
T2736,2,NV6489,20-Jan-18,NV6714,20-Jan-18
T2737,2,NV6489,20-Jan-18,NV6714,20-Jan-18
T2738,2,NV6489,20-Jan-18,NV6811,20-Jan-18
T2739,1,NV6489,20-Jan-18,NV6811,20-Jan-18
T2740,2,NV831,20-Jan-18,NV860,20-Jan-18
T2741,1,NV831,20-Jan-18,NV6325,20-Jan-18
T2742,1,NV831,20-Jan-18,NV688,20-Jan-18
T2743,2,NV831,20-Jan-18,NV859,20-Jan-18
T2744,1,NV831,20-Jan-18,NV859,20-Jan-18
T2745,2,NV831,20-Jan-18,NV6544,20-Jan-18
T2746,2,NV831,20-Jan-18,NV836,20-Jan-18
T2747,2,NV831,20-Jan-18,NV6714,20-Jan-18
T2748,1,NV831,20-Jan-18,NV6578,20-Jan-18
T2749,2,NV831,20-Jan-18,NV699,20-Jan-18
T2750,1,NV831,20-Jan-18,NV699,20-Jan-18
T2751,1,NV831,20-Jan-18,NV6642,20-Jan-18
T2752,2,NV615,20-Jan-18,NV6720,20-Jan-18
T2753,2,NV615,20-Jan-18,NV6720,20-Jan-18
T2754,2,NV615,20-Jan-18,NV6720,20-Jan-18
T2755,2,NV615,20-Jan-18,NV6720,20-Jan-18
T2756,2,NV615,20-Jan-18,NV6720,20-Jan-18
T2757,2,NV615,20-Jan-18,NV6720,20-Jan-18
T2758,2,NV615,20-Jan-18,NV6720,20-Jan-18
T2759,2,NV615,20-Jan-18,NV6720,20-Jan-18
T2760,2,NV615,20-Jan-18,NV6720,20-Jan-18
T2761,2,NV615,20-Jan-18,NV6720,20-Jan-18
T2762,2,NV615,20-Jan-18,NV6325,20-Jan-18
T2763,2,NV615,20-Jan-18,NV688,20-Jan-18
T2764,2,NV615,20-Jan-18,NV688,20-Jan-18
T2765,2,NV615,20-Jan-18,NV688,20-Jan-18
T2766,1,NV615,20-Jan-18,NV688,20-Jan-18
T2767,1,NV615,20-Jan-18,NV6578,20-Jan-18
T2768,2,NV3421,20-Jan-18,NV658,20-Jan-18
T2769,2,NV3421,20-Jan-18,NV658,20-Jan-18
T2770,2,NV3421,20-Jan-18,NV658,20-Jan-18
T2771,2,NV3421,20-Jan-18,NV658,20-Jan-18
T2772,2,NV3421,20-Jan-18,NV658,20-Jan-18
T2773,1,NV6525,20-Jan-18,NV688,20-Jan-18
T2774,1,NV6739,20-Jan-18,NV6486,20-Jan-18
T2775,2,NV6739,20-Jan-18,NV688,20-Jan-18
T2776,2,NV6739,20-Jan-18,NV836,20-Jan-18
T2777,1,NV6739,20-Jan-18,NV826,20-Jan-18
T2778,2,NV6739,20-Jan-18,NV6811,20-Jan-18
T2779,1,NV6739,20-Jan-18,NV6811,20-Jan-18
T2780,1,NV6739,20-Jan-18,NV654,20-Jan-18
T2781,2,NV399,20-Jan-18,NV688,20-Jan-18
T2782,1,NV399,20-Jan-18,NV688,20-Jan-18
T2783,2,NV399,20-Jan-18,NV6528,20-Jan-18
T2784,2,NV399,20-Jan-18,NV699,20-Jan-18
T2785,1,NV3622,20-Jan-18,NV688,20-Jan-18
T2786,1,NV6663,20-Jan-18,NV6472,20-Jan-18
T2787,2,NV6663,20-Jan-18,NV392,20-Jan-18
T2788,1,NV6663,20-Jan-18,NV3652,20-Jan-18
T2789,1,NV6663,20-Jan-18,NV654,20-Jan-18
T2790,1,NV859,20-Jan-18,NV308,20-Jan-18
T2791,2,NV859,20-Jan-18,NV688,20-Jan-18
T2792,1,NV859,20-Jan-18,NV688,20-Jan-18
T2793,2,NV859,20-Jan-18,NV836,20-Jan-18
T2794,1,NV859,20-Jan-18,NV836,20-Jan-18
T2795,1,NV859,20-Jan-18,NV3655,20-Jan-18
T2796,2,NV859,20-Jan-18,NV6478,20-Jan-18
T2797,2,NV859,20-Jan-18,NV6811,20-Jan-18
T2798,1,NV859,20-Jan-18,NV6811,20-Jan-18
T2799,2,GN0641,20-Jan-18,NV664,21-Jan-18
T2800,2,NV6497,20-Jan-18,NV846,21-Jan-18
T2801,1,NV3119,20-Jan-18,NV6325,20-Jan-18
T2802,2,NV3119,20-Jan-18,NV6714,20-Jan-18
T2803,2,NV3119,20-Jan-18,NV6714,20-Jan-18
T2804,2,NV3119,20-Jan-18,NV6714,20-Jan-18
T2805,2,NV3119,20-Jan-18,NV6714,20-Jan-18
T2806,1,NV3119,20-Jan-18,NV6714,20-Jan-18
T2807,1,NV3119,20-Jan-18,NV6578,20-Jan-18
T2808,2,NV3119,20-Jan-18,NV6632,20-Jan-18
T2809,2,NV3119,20-Jan-18,NV6632,20-Jan-18
T2810,2,NV3119,20-Jan-18,NV6632,20-Jan-18
T2811,2,NV3119,20-Jan-18,NV6632,20-Jan-18
T2812,2,NV3119,20-Jan-18,NV6632,20-Jan-18
T2813,2,NV3119,20-Jan-18,NV6632,20-Jan-18
T2814,2,NV3119,20-Jan-18,NV6632,20-Jan-18
T2815,2,NV3119,20-Jan-18,NV6632,20-Jan-18
T2816,2,NV3119,20-Jan-18,NV6632,20-Jan-18
T2817,2,NV3119,20-Jan-18,NV6652,20-Jan-18
T2818,2,NV3119,20-Jan-18,NV6652,20-Jan-18
T2819,2,NV3119,20-Jan-18,NV6652,20-Jan-18
T2820,2,NV6714,20-Jan-18,NV6720,20-Jan-18
T2821,1,NV6714,20-Jan-18,NV6720,20-Jan-18
T2822,1,NV6714,20-Jan-18,NV6325,20-Jan-18
T2823,1,NV6714,20-Jan-18,NV688,20-Jan-18
T2824,2,NV6714,20-Jan-18,NV6632,20-Jan-18
T2825,2,NV6714,20-Jan-18,NV6632,20-Jan-18
T2826,1,NV6714,20-Jan-18,NV6632,20-Jan-18
T2827,1,NV337,20-Jan-18,NV688,20-Jan-18
T2828,1,NV337,20-Jan-18,NV6642,20-Jan-18
T2829,1,NV6199,20-Jan-18,NV6578,20-Jan-18
T2830,1,NV6199,20-Jan-18,NV6772,20-Jan-18
T2831,2,NV6199,20-Jan-18,NV6642,20-Jan-18
T2832,1,NV6199,20-Jan-18,NV6642,20-Jan-18
T2833,2,NV6199,20-Jan-18,NV6652,20-Jan-18
T2834,2,NV6199,20-Jan-18,NV654,20-Jan-18
T2835,2,NV6199,20-Jan-18,NV654,20-Jan-18
T2836,2,NV6199,20-Jan-18,NV654,20-Jan-18
T2837,1,NV6199,20-Jan-18,NV840,21-Jan-18
T2838,2,NV673,20-Jan-18,NV6325,20-Jan-18
T2839,2,NV673,20-Jan-18,NV6297,20-Jan-18
T2840,2,NV673,20-Jan-18,NV6714,20-Jan-18
T2841,2,NV673,20-Jan-18,NV6714,20-Jan-18
T2842,2,NV673,20-Jan-18,NV6714,20-Jan-18
T2843,2,NV673,20-Jan-18,NV6714,20-Jan-18
T2844,2,NV673,20-Jan-18,NV6714,20-Jan-18
T2845,1,NV673,20-Jan-18,NV6714,20-Jan-18
T2846,2,NV673,20-Jan-18,NV3655,20-Jan-18
T2847,2,NV673,20-Jan-18,NV6528,20-Jan-18
T2848,2,NV673,20-Jan-18,NV6528,20-Jan-18
T2849,1,NV673,20-Jan-18,NV6528,20-Jan-18
T2850,2,NV673,20-Jan-18,NV6578,20-Jan-18
T2851,2,NV673,20-Jan-18,NV6578,20-Jan-18
T2852,2,NV673,20-Jan-18,NV6578,20-Jan-18
T2853,2,NV673,20-Jan-18,NV6578,20-Jan-18
T2854,1,NV673,20-Jan-18,NV6642,20-Jan-18
T2855,2,NV673,20-Jan-18,NV6811,20-Jan-18
T2856,2,NV673,20-Jan-18,NV6811,20-Jan-18
T2857,2,NV673,20-Jan-18,NV6652,20-Jan-18
T2858,2,NV673,20-Jan-18,NV6652,20-Jan-18
T2859,1,NV673,20-Jan-18,NV6652,20-Jan-18
T2860,1,NV673,20-Jan-18,NV3993,20-Jan-18
T2861,2,NV673,20-Jan-18,NV664,21-Jan-18
T2862,2,NV673,20-Jan-18,NV664,21-Jan-18
T2863,2,NV673,20-Jan-18,NV664,21-Jan-18
T2864,2,NV673,20-Jan-18,NV664,21-Jan-18
T2865,1,NV673,20-Jan-18,NV664,21-Jan-18
T2866,2,NV673,20-Jan-18,NV320,21-Jan-18
T2867,2,NV673,20-Jan-18,NV320,21-Jan-18
T2868,2,NV673,20-Jan-18,NV320,21-Jan-18
T2869,2,NV673,20-Jan-18,NV320,21-Jan-18
T2870,2,NV673,20-Jan-18,NV320,21-Jan-18
T2871,2,NV633,20-Jan-18,NV6544,20-Jan-18
T2872,1,NV633,20-Jan-18,NV6544,20-Jan-18
T2873,1,NV633,20-Jan-18,GN0428,20-Jan-18
T2874,2,NV633,20-Jan-18,NV6714,20-Jan-18
T2875,1,NV633,20-Jan-18,NV6714,20-Jan-18
T2876,1,NV633,20-Jan-18,NV3655,20-Jan-18
T2877,2,NV633,20-Jan-18,NV6478,20-Jan-18
T2878,2,NV633,20-Jan-18,NV6478,20-Jan-18
T2879,1,NV633,20-Jan-18,NV6642,20-Jan-18
T2880,2,NV633,20-Jan-18,NV3993,20-Jan-18
T2881,2,NV633,20-Jan-18,NV846,21-Jan-18
T2882,2,NV633,20-Jan-18,NV846,21-Jan-18
T2883,2,NV633,20-Jan-18,NV846,21-Jan-18
T2884,2,NV633,20-Jan-18,NV846,21-Jan-18
T2885,2,NV633,20-Jan-18,NV846,21-Jan-18
T2886,2,NV633,20-Jan-18,NV840,21-Jan-18
T2887,2,NV633,20-Jan-18,NV840,21-Jan-18
T2888,1,NV633,20-Jan-18,NV840,21-Jan-18
T2889,2,NV6763,20-Jan-18,NV836,20-Jan-18
T2890,1,NV6763,20-Jan-18,NV836,20-Jan-18
T2891,2,NV6763,20-Jan-18,NV6472,20-Jan-18
T2892,1,NV6763,20-Jan-18,NV6472,20-Jan-18
T2893,1,NV6763,20-Jan-18,NV392,20-Jan-18
T2894,1,NV6763,20-Jan-18,NV654,20-Jan-18
T2895,2,NV849,20-Jan-18,NV6297,20-Jan-18
T2896,2,NV849,20-Jan-18,NV6297,20-Jan-18
T2897,2,NV849,20-Jan-18,NV6297,20-Jan-18
T2898,2,NV849,20-Jan-18,NV6297,20-Jan-18
T2899,2,NV849,20-Jan-18,NV6297,20-Jan-18
T2900,2,NV849,20-Jan-18,NV6297,20-Jan-18
T2901,2,NV849,20-Jan-18,NV6297,20-Jan-18
T2902,1,NV849,20-Jan-18,NV6714,20-Jan-18
T2903,2,NV849,20-Jan-18,NV3655,20-Jan-18
T2904,2,NV849,20-Jan-18,NV699,20-Jan-18
T2905,2,NV849,20-Jan-18,NV699,20-Jan-18
T2906,1,NV849,20-Jan-18,NV699,20-Jan-18
T2907,2,NV849,20-Jan-18,NV6772,20-Jan-18
T2908,1,NV849,20-Jan-18,NV6772,20-Jan-18
T2909,2,NV849,20-Jan-18,NV6632,20-Jan-18
T2910,1,NV849,20-Jan-18,NV6642,20-Jan-18
T2911,2,NV849,20-Jan-18,NV6652,20-Jan-18
T2912,1,NV849,20-Jan-18,NV6652,20-Jan-18
T2913,1,NV849,20-Jan-18,NV3652,20-Jan-18
T2914,2,NV849,20-Jan-18,NV664,21-Jan-18
T2915,2,NV849,20-Jan-18,NV664,21-Jan-18
T2916,2,NV849,20-Jan-18,NV664,21-Jan-18
T2917,1,NV849,20-Jan-18,NV320,21-Jan-18
T2918,1,NV849,20-Jan-18,NV882,21-Jan-18
T2919,2,NV6753,20-Jan-18,NV826,20-Jan-18
T2920,2,NV6753,20-Jan-18,NV826,20-Jan-18
T2921,2,NV6753,20-Jan-18,NV826,20-Jan-18
T2922,2,NV6753,20-Jan-18,NV826,20-Jan-18
T2923,2,NV6753,20-Jan-18,NV826,20-Jan-18
T2924,1,NV6753,20-Jan-18,NV3652,20-Jan-18
T2925,2,NV6753,20-Jan-18,NV654,20-Jan-18
T2926,1,NV6753,20-Jan-18,NV654,20-Jan-18
T2927,2,NV6753,20-Jan-18,NV654,20-Jan-18
T2928,2,NV6753,20-Jan-18,NV654,20-Jan-18
T2929,2,NV6753,20-Jan-18,NV654,20-Jan-18
T2930,2,NV6753,20-Jan-18,NV654,20-Jan-18
T2931,1,NV6753,20-Jan-18,NV846,21-Jan-18
T2932,2,NV6753,20-Jan-18,NV6134,21-Jan-18
T2933,1,NV6753,20-Jan-18,NV6134,21-Jan-18
T2934,2,NV6753,20-Jan-18,NV882,21-Jan-18
T2935,1,NV6324,20-Jan-18,NV654,20-Jan-18
T2936,1,NV6324,20-Jan-18,NV880,21-Jan-18
T2937,2,NV6463,20-Jan-18,NV840,21-Jan-18
T2938,1,NV6527,20-Jan-18,NV6811,20-Jan-18
T2939,2,NV6527,20-Jan-18,NV846,21-Jan-18
T2940,1,NV6527,20-Jan-18,NV846,21-Jan-18
T2941,1,NV6527,20-Jan-18,NV840,21-Jan-18
T2942,2,NV6527,20-Jan-18,NV880,21-Jan-18
T2943,1,NV6621,20-Jan-18,NV880,21-Jan-18
T2944,2,NV827,20-Jan-18,NV6528,20-Jan-18
T2945,2,NV827,20-Jan-18,NV6528,20-Jan-18
T2946,1,NV827,20-Jan-18,NV6578,20-Jan-18
T2947,1,NV827,20-Jan-18,NV6772,20-Jan-18
T2948,1,NV827,20-Jan-18,NV6632,20-Jan-18
T2949,1,NV827,20-Jan-18,NV6811,20-Jan-18
T2950,2,NV827,20-Jan-18,NV6652,20-Jan-18
T2951,2,NV827,20-Jan-18,NV6652,20-Jan-18
T2952,1,NV827,20-Jan-18,NV6652,20-Jan-18
T2953,2,NV827,20-Jan-18,NV3652,20-Jan-18
T2954,2,NV827,20-Jan-18,NV3652,20-Jan-18
T2955,2,NV827,20-Jan-18,NV3652,20-Jan-18
T2956,2,NV827,20-Jan-18,NV664,21-Jan-18
T2957,2,NV827,20-Jan-18,NV664,21-Jan-18
T2958,2,NV827,20-Jan-18,NV664,21-Jan-18
T2959,2,NV827,20-Jan-18,NV320,21-Jan-18
T2960,2,NV827,20-Jan-18,NV320,21-Jan-18
T2961,2,NV621,20-Jan-18,NV6632,20-Jan-18
T2962,2,NV621,20-Jan-18,NV6632,20-Jan-18
T2963,2,NV621,20-Jan-18,NV6632,20-Jan-18
T2964,1,NV621,20-Jan-18,NV6811,20-Jan-18
T2965,2,NV621,20-Jan-18,NV6652,20-Jan-18
T2966,2,NV621,20-Jan-18,NV6652,20-Jan-18
T2967,2,NV621,20-Jan-18,NV664,21-Jan-18
T2968,1,NV621,20-Jan-18,NV846,21-Jan-18
T2969,2,NV621,20-Jan-18,NV320,21-Jan-18
T2970,2,NV621,20-Jan-18,NV320,21-Jan-18
T2971,1,NV6317,20-Jan-18,NV6632,20-Jan-18
T2972,1,NV6317,20-Jan-18,NV320,21-Jan-18
T2973,1,NV6551,20-Jan-18,NV826,20-Jan-18
T2974,1,NV6551,20-Jan-18,NV654,20-Jan-18
T2975,2,NV6551,20-Jan-18,NV846,21-Jan-18
T2976,2,NV6551,20-Jan-18,NV320,21-Jan-18
T2977,2,NV6551,20-Jan-18,NV6134,21-Jan-18
T2978,2,NV6551,20-Jan-18,NV6134,21-Jan-18
T2979,2,NV6551,20-Jan-18,NV6134,21-Jan-18
T2980,2,NV6551,20-Jan-18,NV6134,21-Jan-18
T2981,2,NV6551,20-Jan-18,NV6134,21-Jan-18
T2982,2,NV6551,20-Jan-18,NV6134,21-Jan-18
T2983,2,NV6551,20-Jan-18,NV840,21-Jan-18
T2984,1,NV6551,20-Jan-18,NV840,21-Jan-18
T2985,2,NV6725,20-Jan-18,NV392,20-Jan-18
T2986,1,NV6725,20-Jan-18,NV392,20-Jan-18
T2987,1,NV6725,20-Jan-18,NV654,20-Jan-18
T2988,2,NV6725,20-Jan-18,NV846,21-Jan-18
T2989,2,NV6725,20-Jan-18,NV880,21-Jan-18
T2990,2,NV6725,20-Jan-18,NV880,21-Jan-18
T2991,2,NV6725,20-Jan-18,NV880,21-Jan-18
T2992,1,NV6725,20-Jan-18,NV880,21-Jan-18
T2993,2,NV6549,20-Jan-18,NV840,21-Jan-18
T2994,2,NV317,20-Jan-18,NV6652,20-Jan-18
T2995,2,NV317,20-Jan-18,NV664,21-Jan-18
T2996,1,NV317,20-Jan-18,NV664,21-Jan-18
T2997,2,NV317,20-Jan-18,NV320,21-Jan-18
T2998,2,NV317,20-Jan-18,NV882,21-Jan-18
T2999,2,NV317,20-Jan-18,NV882,21-Jan-18
T3000,1,NV317,20-Jan-18,NV840,21-Jan-18
T3001,1,NV3278,20-Jan-18,NV880,21-Jan-18
T3002,1,NV6117,20-Jan-18,NV6632,20-Jan-18
T3003,2,NV6117,20-Jan-18,NV6811,20-Jan-18
T3004,2,NV6117,20-Jan-18,NV6811,20-Jan-18
T3005,2,NV6117,20-Jan-18,NV6811,20-Jan-18
T3006,1,NV6117,20-Jan-18,NV6652,20-Jan-18
T3007,1,NV6117,20-Jan-18,NV3993,20-Jan-18
T3008,2,NV6117,20-Jan-18,NV664,21-Jan-18
T3009,2,NV6117,20-Jan-18,NV664,21-Jan-18
T3010,2,NV6117,20-Jan-18,NV664,21-Jan-18
T3011,2,NV6117,20-Jan-18,NV664,21-Jan-18
T3012,2,NV6117,20-Jan-18,NV664,21-Jan-18
T3013,2,NV6117,20-Jan-18,NV664,21-Jan-18
T3014,2,NV6117,20-Jan-18,NV664,21-Jan-18
T3015,2,NV6117,20-Jan-18,NV664,21-Jan-18
T3016,2,NV6117,20-Jan-18,NV664,21-Jan-18
T3017,2,NV6117,20-Jan-18,NV664,21-Jan-18
T3018,2,NV6117,20-Jan-18,NV664,21-Jan-18
T3019,2,NV6117,20-Jan-18,NV320,21-Jan-18
T3020,2,NV6117,20-Jan-18,NV882,21-Jan-18
T3021,1,NV6117,20-Jan-18,NV882,21-Jan-18
T3022,2,NV6117,20-Jan-18,NV840,21-Jan-18
T3023,1,NV6578,20-Jan-18,NV6772,20-Jan-18
T3024,2,NV6578,20-Jan-18,NV840,21-Jan-18
T3025,2,NV6772,20-Jan-18,NV846,21-Jan-18
T3026,1,NV6772,20-Jan-18,NV846,21-Jan-18
T3027,2,NV6772,20-Jan-18,NV880,21-Jan-18
T3028,1,NV6633,20-Jan-18,NV3652,20-Jan-18
T3029,1,NV6633,20-Jan-18,NV654,20-Jan-18
T3030,2,NV6633,20-Jan-18,NV664,21-Jan-18
T3031,1,NV6633,20-Jan-18,NV664,21-Jan-18
T3032,1,NV6633,20-Jan-18,NV846,21-Jan-18
T3033,1,NV6633,20-Jan-18,NV320,21-Jan-18
T3034,2,NV6633,20-Jan-18,NV882,21-Jan-18
T3035,1,NV6633,20-Jan-18,NV840,21-Jan-18
T3036,2,NV6633,20-Jan-18,NV840,21-Jan-18
T3037,2,NV6633,20-Jan-18,NV880,21-Jan-18
T3038,2,NV6633,20-Jan-18,NV880,21-Jan-18
T3039,2,NV6633,20-Jan-18,NV880,21-Jan-18
T3040,2,NV6633,20-Jan-18,NV880,21-Jan-18
T3041,2,NV6633,20-Jan-18,NV880,21-Jan-18
T3042,1,NV6633,20-Jan-18,NV322,21-Jan-18
T3043,1,NV6811,20-Jan-18,NV880,21-Jan-18
T3044,2,NV651,20-Jan-18,NV846,21-Jan-18
T3045,2,NV651,20-Jan-18,NV846,21-Jan-18
T3046,2,NV651,20-Jan-18,NV846,21-Jan-18
T3047,1,NV651,20-Jan-18,NV840,21-Jan-18
T3048,2,NV6642,20-Jan-18,NV654,20-Jan-18
T3049,2,NV6642,20-Jan-18,NV654,20-Jan-18
T3050,2,NV6642,20-Jan-18,NV846,21-Jan-18
T3051,2,NV6642,20-Jan-18,NV320,21-Jan-18
T3052,2,NV6642,20-Jan-18,NV6134,21-Jan-18
T3053,2,NV6642,20-Jan-18,NV880,21-Jan-18
T3054,1,NV6642,20-Jan-18,NV880,21-Jan-18
T3055,1,NV6643,20-Jan-18,NV654,20-Jan-18
T3056,2,NV6643,20-Jan-18,NV664,21-Jan-18
T3057,2,NV6643,20-Jan-18,NV846,21-Jan-18
T3058,1,NV6643,20-Jan-18,NV846,21-Jan-18
T3059,2,NV6643,20-Jan-18,NV880,21-Jan-18
T3060,1,GN0409,20-Jan-18,NV320,21-Jan-18
T3061,1,GN0409,20-Jan-18,NV840,21-Jan-18
T3062,2,NV6505,20-Jan-18,NV664,21-Jan-18
T3063,2,NV6505,20-Jan-18,NV840,21-Jan-18
T3064,2,GN0629,20-Jan-18,NV664,21-Jan-18
T3065,1,GN0629,20-Jan-18,NV664,21-Jan-18
T3066,1,GN0629,20-Jan-18,NV846,21-Jan-18
T3067,2,GN0629,20-Jan-18,NV882,21-Jan-18
T3068,1,NV6653,20-Jan-18,NV664,21-Jan-18
T3069,2,NV6653,20-Jan-18,NV846,21-Jan-18
T3070,1,NV6653,20-Jan-18,NV846,21-Jan-18
T3071,1,NV6653,20-Jan-18,NV320,21-Jan-18
T3072,2,NV6653,20-Jan-18,NV840,21-Jan-18
T3073,1,NV6653,20-Jan-18,NV840,21-Jan-18
T3074,2,NV6653,20-Jan-18,NV880,21-Jan-18
T3075,2,NV6653,20-Jan-18,NV880,21-Jan-18
T3076,2,NV6653,20-Jan-18,NV880,21-Jan-18
T3077,2,NV6653,20-Jan-18,NV880,21-Jan-18
T3078,2,NV6699,20-Jan-18,NV320,21-Jan-18
T3079,2,NV6699,20-Jan-18,NV840,21-Jan-18
T3080,2,NV6699,20-Jan-18,NV840,21-Jan-18
T3081,2,NV6699,20-Jan-18,NV840,21-Jan-18
T3082,2,NV6699,20-Jan-18,NV840,21-Jan-18
T3083,2,NV6699,20-Jan-18,NV840,21-Jan-18
T3084,1,NV6699,20-Jan-18,NV880,21-Jan-18
T3085,2,NV6733,20-Jan-18,NV654,20-Jan-18
T3086,1,NV6733,20-Jan-18,NV654,20-Jan-18
T3087,1,NV6733,20-Jan-18,NV664,21-Jan-18
T3088,2,NV6733,20-Jan-18,NV846,21-Jan-18
T3089,1,NV6733,20-Jan-18,NV846,21-Jan-18
T3090,1,NV6733,20-Jan-18,NV880,21-Jan-18
T3091,1,NV679,20-Jan-18,NV664,21-Jan-18
T3092,2,NV679,20-Jan-18,NV880,21-Jan-18
T3093,1,NV6241,20-Jan-18,NV6156,20-Jan-18
T3094,2,NV6241,20-Jan-18,NV654,20-Jan-18
T3095,2,NV6241,20-Jan-18,NV654,20-Jan-18
T3096,1,NV6241,20-Jan-18,NV654,20-Jan-18
T3097,2,NV6241,20-Jan-18,NV6134,21-Jan-18
T3098,2,NV6241,20-Jan-18,NV6134,21-Jan-18
T3099,2,NV6241,20-Jan-18,NV6134,21-Jan-18
T3100,1,NV6241,20-Jan-18,NV6134,21-Jan-18
T3101,1,NV6241,20-Jan-18,NV882,21-Jan-18
T3102,2,NV6241,20-Jan-18,NV880,21-Jan-18
T3103,2,NV6241,20-Jan-18,NV880,21-Jan-18
T3104,2,NV6241,20-Jan-18,NV880,21-Jan-18
T3105,2,NV6241,20-Jan-18,NV880,21-Jan-18
T3106,2,NV6241,20-Jan-18,NV880,21-Jan-18
T3107,2,NV6241,20-Jan-18,NV880,21-Jan-18
T3108,2,NV6241,20-Jan-18,NV880,21-Jan-18
T3109,2,NV6241,20-Jan-18,NV880,21-Jan-18
T3110,2,NV6241,20-Jan-18,NV880,21-Jan-18
T3111,2,NV6241,20-Jan-18,NV880,21-Jan-18
T3112,2,NV6737,20-Jan-18,NV654,20-Jan-18
T3113,1,NV6737,20-Jan-18,NV654,20-Jan-18
T3114,2,NV6737,20-Jan-18,NV664,21-Jan-18
T3115,1,NV6737,20-Jan-18,NV846,21-Jan-18
T3116,1,NV6737,20-Jan-18,NV320,21-Jan-18
T3117,2,NV6737,20-Jan-18,NV6134,21-Jan-18
T3118,2,NV6737,20-Jan-18,NV6134,21-Jan-18
T3119,2,NV6737,20-Jan-18,NV6134,21-Jan-18
T3120,1,NV6737,20-Jan-18,NV6134,21-Jan-18
T3121,2,NV6737,20-Jan-18,NV840,21-Jan-18
T3122,2,NV6737,20-Jan-18,NV880,21-Jan-18
T3123,2,NV6737,20-Jan-18,NV880,21-Jan-18
T3124,2,NV6737,20-Jan-18,NV880,21-Jan-18
T3125,1,NV6737,20-Jan-18,NV880,21-Jan-18
T3126,2,NV6737,20-Jan-18,NV322,21-Jan-18
T3127,2,NV6405,20-Jan-18,NV846,21-Jan-18
T3128,2,NV6405,20-Jan-18,NV846,21-Jan-18
T3129,2,NV6405,20-Jan-18,NV846,21-Jan-18
T3130,2,NV6405,20-Jan-18,NV846,21-Jan-18
T3131,2,NV6405,20-Jan-18,NV846,21-Jan-18
T3132,2,NV6405,20-Jan-18,NV840,21-Jan-18
T3133,1,NV6405,20-Jan-18,NV840,21-Jan-18
T3134,2,NV6405,20-Jan-18,NV880,21-Jan-18
T3135,2,NV6405,20-Jan-18,NV880,21-Jan-18
T3136,2,NV6405,20-Jan-18,NV880,21-Jan-18
T3137,1,NV6405,20-Jan-18,NV880,21-Jan-18
T3138,1,NV3270,20-Jan-18,NV882,21-Jan-18
T3139,1,GN0645,20-Jan-18,NV880,21-Jan-18
T3140,1,GN0639,20-Jan-18,NV882,21-Jan-18
T3141,2,GN0639,20-Jan-18,NV880,21-Jan-18
T3142,1,NV0747,20-Jan-18,NV322,21-Jan-18
T3143,2,NV617,20-Jan-18,NV880,21-Jan-18
T3144,1,NV3195,20-Jan-18,NV322,21-Jan-18
T3145,1,NV677,21-Jan-18,NV3446,21-Jan-18
T3146,1,NV677,21-Jan-18,NV675,21-Jan-18
T3147,2,NV677,21-Jan-18,NV655,21-Jan-18
T3148,2,NV677,21-Jan-18,NV655,21-Jan-18
T3149,2,NV677,21-Jan-18,NV655,21-Jan-18
T3150,1,NV677,21-Jan-18,NV655,21-Jan-18
T3151,2,NV677,21-Jan-18,NV3615,21-Jan-18
T3152,1,NV677,21-Jan-18,NV3615,21-Jan-18
T3153,2,NV677,21-Jan-18,NV6154,21-Jan-18
T3154,2,NV677,21-Jan-18,NV6154,21-Jan-18
T3155,2,NV677,21-Jan-18,NV6154,21-Jan-18
T3156,2,NV677,21-Jan-18,NV6154,21-Jan-18
T3157,2,NV677,21-Jan-18,NV6154,21-Jan-18
T3158,2,NV677,21-Jan-18,NV6154,21-Jan-18
T3159,2,NV677,21-Jan-18,NV6154,21-Jan-18
T3160,2,NV677,21-Jan-18,NV6154,21-Jan-18
T3161,2,NV677,21-Jan-18,NV6154,21-Jan-18
T3162,2,NV677,21-Jan-18,NV6154,21-Jan-18
T3163,2,NV677,21-Jan-18,NV6164,21-Jan-18
T3164,2,NV677,21-Jan-18,NV6164,21-Jan-18
T3165,2,NV677,21-Jan-18,NV6164,21-Jan-18
T3166,2,NV677,21-Jan-18,NV6164,21-Jan-18
T3167,2,NV677,21-Jan-18,NV6164,21-Jan-18
T3168,1,NV677,21-Jan-18,NV6164,21-Jan-18
T3169,1,NV675,21-Jan-18,NV6738,21-Jan-18
T3170,2,NV675,21-Jan-18,NV6154,21-Jan-18
T3171,2,NV675,21-Jan-18,NV634,21-Jan-18
T3172,2,NV675,21-Jan-18,NV634,21-Jan-18
T3173,2,NV675,21-Jan-18,NV634,21-Jan-18
T3174,2,NV847,21-Jan-18,NV3446,21-Jan-18
T3175,2,NV847,21-Jan-18,NV675,21-Jan-18
T3176,1,NV847,21-Jan-18,NV675,21-Jan-18
T3177,2,NV847,21-Jan-18,NV655,21-Jan-18
T3178,2,NV847,21-Jan-18,NV655,21-Jan-18
T3179,2,NV847,21-Jan-18,NV655,21-Jan-18
T3180,2,NV847,21-Jan-18,NV3615,21-Jan-18
T3181,2,NV847,21-Jan-18,NV3615,21-Jan-18
T3182,2,NV847,21-Jan-18,NV6738,21-Jan-18
T3183,2,NV847,21-Jan-18,NV6738,21-Jan-18
T3184,2,NV847,21-Jan-18,NV6154,21-Jan-18
T3185,2,NV847,21-Jan-18,NV6154,21-Jan-18
T3186,2,NV847,21-Jan-18,NV6154,21-Jan-18
T3187,2,NV847,21-Jan-18,NV6154,21-Jan-18
T3188,2,NV847,21-Jan-18,NV6154,21-Jan-18
T3189,1,NV847,21-Jan-18,NV6154,21-Jan-18
T3190,1,NV847,21-Jan-18,NV3263,21-Jan-18
T3191,1,NV847,21-Jan-18,NV6358,21-Jan-18
T3192,2,NV847,21-Jan-18,NV6724,21-Jan-18
T3193,1,NV847,21-Jan-18,GN0678,21-Jan-18
T3194,1,NV847,21-Jan-18,NV6734,21-Jan-18
T3195,2,NV847,21-Jan-18,NV6616,21-Jan-18
T3196,1,NV847,21-Jan-18,NV6616,21-Jan-18
T3197,2,NV847,21-Jan-18,NV6230,21-Jan-18
T3198,1,NV847,21-Jan-18,NV6230,21-Jan-18
T3199,2,NV847,21-Jan-18,NV6514,21-Jan-18
T3200,2,NV847,21-Jan-18,NV6514,21-Jan-18
T3201,2,NV847,21-Jan-18,NV6700,21-Jan-18
T3202,2,NV609,21-Jan-18,NV3446,21-Jan-18
T3203,1,NV609,21-Jan-18,NV3446,21-Jan-18
T3204,2,NV609,21-Jan-18,NV655,21-Jan-18
T3205,1,NV609,21-Jan-18,NV3615,21-Jan-18
T3206,1,NV609,21-Jan-18,NV6154,21-Jan-18
T3207,2,NV609,21-Jan-18,NV3263,21-Jan-18
T3208,2,NV609,21-Jan-18,NV3263,21-Jan-18
T3209,1,NV609,21-Jan-18,NV6548,21-Jan-18
T3210,2,NV609,21-Jan-18,NV6734,21-Jan-18
T3211,2,NV609,21-Jan-18,NV6616,21-Jan-18
T3212,2,NV609,21-Jan-18,NV6616,21-Jan-18
T3213,2,NV609,21-Jan-18,NV6616,21-Jan-18
T3214,2,NV609,21-Jan-18,NV6616,21-Jan-18
T3215,2,NV609,21-Jan-18,NV6616,21-Jan-18
T3216,1,NV609,21-Jan-18,NV6616,21-Jan-18
T3217,1,NV609,21-Jan-18,NV336,21-Jan-18
T3218,2,NV609,21-Jan-18,NV6446,21-Jan-18
T3219,2,NV609,21-Jan-18,NV316,21-Jan-18
T3220,2,NV609,21-Jan-18,NV316,21-Jan-18
T3221,2,NV309,21-Jan-18,NV675,21-Jan-18
T3222,2,NV309,21-Jan-18,NV675,21-Jan-18
T3223,2,NV309,21-Jan-18,NV3615,21-Jan-18
T3224,2,NV309,21-Jan-18,NV3615,21-Jan-18
T3225,2,NV309,21-Jan-18,NV6738,21-Jan-18
T3226,2,NV309,21-Jan-18,NV6734,21-Jan-18
T3227,2,NV309,21-Jan-18,NV612,21-Jan-18
T3228,2,NV309,21-Jan-18,NV612,21-Jan-18
T3229,2,NV309,21-Jan-18,NV612,21-Jan-18
T3230,1,NV309,21-Jan-18,NV612,21-Jan-18
T3231,2,NV309,21-Jan-18,NV6616,21-Jan-18
T3232,2,NV309,21-Jan-18,NV6616,21-Jan-18
T3233,1,NV309,21-Jan-18,NV6230,21-Jan-18
T3234,1,NV309,21-Jan-18,NV336,21-Jan-18
T3235,2,NV309,21-Jan-18,NV6514,21-Jan-18
T3236,2,NV309,21-Jan-18,NV6514,21-Jan-18
T3237,1,NV309,21-Jan-18,NV6514,21-Jan-18
T3238,2,NV309,21-Jan-18,NV634,21-Jan-18
T3239,2,NV309,21-Jan-18,NV634,21-Jan-18
T3240,2,NV309,21-Jan-18,NV634,21-Jan-18
T3241,2,NV309,21-Jan-18,NV634,21-Jan-18
T3242,1,NV309,21-Jan-18,NV634,21-Jan-18
T3243,2,NV309,21-Jan-18,NV6152,21-Jan-18
T3244,2,NV309,21-Jan-18,NV6152,21-Jan-18
T3245,2,NV309,21-Jan-18,NV6152,21-Jan-18
T3246,2,NV309,21-Jan-18,NV6152,21-Jan-18
T3247,2,NV309,21-Jan-18,NV6152,21-Jan-18
T3248,2,NV309,21-Jan-18,NV6152,21-Jan-18
T3249,2,NV309,21-Jan-18,NV6152,21-Jan-18
T3250,2,NV309,21-Jan-18,NV678,21-Jan-18
T3251,2,NV309,21-Jan-18,NV678,21-Jan-18
T3252,2,NV309,21-Jan-18,NV678,21-Jan-18
T3253,1,NV309,21-Jan-18,NV6376,21-Jan-18
T3254,2,NV309,21-Jan-18,NV316,21-Jan-18
T3255,2,NV309,21-Jan-18,NV316,21-Jan-18
T3256,2,NV309,21-Jan-18,NV316,21-Jan-18
T3257,2,NV309,21-Jan-18,NV316,21-Jan-18
T3258,2,NV309,21-Jan-18,NV316,21-Jan-18
T3259,2,NV309,21-Jan-18,NV316,21-Jan-18
T3260,1,NV871,21-Jan-18,NV675,21-Jan-18
T3261,1,NV871,21-Jan-18,NV655,21-Jan-18
T3262,1,NV871,21-Jan-18,NV3615,21-Jan-18
T3263,2,NV871,21-Jan-18,NV3263,21-Jan-18
T3264,1,NV871,21-Jan-18,NV6548,21-Jan-18
T3265,2,NV871,21-Jan-18,NV6636,21-Jan-18
T3266,1,NV871,21-Jan-18,NV6636,21-Jan-18
T3267,1,NV871,21-Jan-18,NV6734,21-Jan-18
T3268,1,NV871,21-Jan-18,NV6230,21-Jan-18
T3269,1,NV871,21-Jan-18,NV336,21-Jan-18
T3270,1,NV871,21-Jan-18,NV634,21-Jan-18
T3271,1,NV871,21-Jan-18,NV6152,21-Jan-18
T3272,1,NV347,21-Jan-18,NV6230,21-Jan-18
T3273,1,NV347,21-Jan-18,NV6532,21-Jan-18
T3274,1,NV347,21-Jan-18,NV6514,21-Jan-18
T3275,2,NV655,21-Jan-18,NV3615,21-Jan-18
T3276,2,NV655,21-Jan-18,NV6738,21-Jan-18
T3277,1,NV655,21-Jan-18,NV6738,21-Jan-18
T3278,2,NV655,21-Jan-18,NV6154,21-Jan-18
T3279,2,NV655,21-Jan-18,NV6154,21-Jan-18
T3280,2,NV655,21-Jan-18,NV6154,21-Jan-18
T3281,2,NV655,21-Jan-18,NV6154,21-Jan-18
T3282,2,NV655,21-Jan-18,NV6154,21-Jan-18
T3283,2,NV655,21-Jan-18,NV6154,21-Jan-18
T3284,2,NV655,21-Jan-18,NV6154,21-Jan-18
T3285,2,NV655,21-Jan-18,NV6154,21-Jan-18
T3286,2,NV655,21-Jan-18,NV6154,21-Jan-18
T3287,2,NV655,21-Jan-18,NV6154,21-Jan-18
T3288,2,NV655,21-Jan-18,NV6154,21-Jan-18
T3289,2,NV655,21-Jan-18,NV6154,21-Jan-18
T3290,2,NV655,21-Jan-18,NV6154,21-Jan-18
T3291,1,NV655,21-Jan-18,NV6154,21-Jan-18
T3292,2,NV655,21-Jan-18,NV6164,21-Jan-18
T3293,2,NV655,21-Jan-18,NV6164,21-Jan-18
T3294,2,NV655,21-Jan-18,NV6164,21-Jan-18
T3295,1,NV655,21-Jan-18,NV6636,21-Jan-18
T3296,1,NV655,21-Jan-18,NV6532,21-Jan-18
T3297,1,NV655,21-Jan-18,NV634,21-Jan-18
T3298,2,NV655,21-Jan-18,NV6152,21-Jan-18
T3299,2,NV655,21-Jan-18,NV6152,21-Jan-18
T3300,2,NV891,21-Jan-18,NV655,21-Jan-18
T3301,1,NV891,21-Jan-18,NV655,21-Jan-18
T3302,2,NV891,21-Jan-18,NV3615,21-Jan-18
T3303,2,NV891,21-Jan-18,NV3615,21-Jan-18
T3304,1,NV891,21-Jan-18,NV3615,21-Jan-18
T3305,2,NV891,21-Jan-18,NV6738,21-Jan-18
T3306,2,NV891,21-Jan-18,NV6738,21-Jan-18
T3307,1,NV891,21-Jan-18,NV6738,21-Jan-18
T3308,2,NV891,21-Jan-18,NV380,21-Jan-18
T3309,2,NV891,21-Jan-18,NV380,21-Jan-18
T3310,2,NV891,21-Jan-18,NV380,21-Jan-18
T3311,2,NV891,21-Jan-18,NV380,21-Jan-18
T3312,1,NV891,21-Jan-18,NV6154,21-Jan-18
T3313,2,NV891,21-Jan-18,NV3263,21-Jan-18
T3314,2,NV891,21-Jan-18,NV3263,21-Jan-18
T3315,1,NV891,21-Jan-18,NV3263,21-Jan-18
T3316,1,NV891,21-Jan-18,NV6636,21-Jan-18
T3317,1,NV891,21-Jan-18,NV6636,21-Jan-18
T3318,2,NV891,21-Jan-18,NV6616,21-Jan-18
T3319,2,NV891,21-Jan-18,NV6616,21-Jan-18
T3320,2,NV891,21-Jan-18,NV6616,21-Jan-18
T3321,1,NV891,21-Jan-18,GN0414,21-Jan-18
T3322,2,NV891,21-Jan-18,NV6230,21-Jan-18
T3323,2,NV891,21-Jan-18,NV6230,21-Jan-18
T3324,2,NV891,21-Jan-18,NV6230,21-Jan-18
T3325,2,NV891,21-Jan-18,NV6152,21-Jan-18
T3326,1,NV891,21-Jan-18,NV6376,21-Jan-18
T3327,1,NV891,21-Jan-18,NV6576,21-Jan-18
T3328,2,NV851,21-Jan-18,NV655,21-Jan-18
T3329,1,NV851,21-Jan-18,NV3615,21-Jan-18
T3330,1,NV851,21-Jan-18,NV6738,21-Jan-18
T3331,2,NV851,21-Jan-18,NV380,21-Jan-18
T3332,2,NV851,21-Jan-18,NV6154,21-Jan-18
T3333,2,NV851,21-Jan-18,NV6154,21-Jan-18
T3334,2,NV851,21-Jan-18,NV6154,21-Jan-18
T3335,1,NV851,21-Jan-18,NV6154,21-Jan-18
T3336,2,NV851,21-Jan-18,NV3263,21-Jan-18
T3337,1,NV851,21-Jan-18,NV6164,21-Jan-18
T3338,2,NV851,21-Jan-18,NV6616,21-Jan-18
T3339,2,NV851,21-Jan-18,NV6616,21-Jan-18
T3340,2,NV851,21-Jan-18,NV6616,21-Jan-18
T3341,2,NV851,21-Jan-18,NV6616,21-Jan-18
T3342,2,NV851,21-Jan-18,NV6616,21-Jan-18
T3343,2,NV851,21-Jan-18,NV6616,21-Jan-18
T3344,1,NV851,21-Jan-18,NV6616,21-Jan-18
T3345,2,NV851,21-Jan-18,NV6230,21-Jan-18
T3346,2,NV851,21-Jan-18,NV6230,21-Jan-18
T3347,2,NV851,21-Jan-18,NV6230,21-Jan-18
T3348,2,NV851,21-Jan-18,NV6230,21-Jan-18
T3349,2,NV851,21-Jan-18,NV6230,21-Jan-18
T3350,2,NV851,21-Jan-18,NV6230,21-Jan-18
T3351,2,NV851,21-Jan-18,NV6230,21-Jan-18
T3352,2,NV851,21-Jan-18,NV6230,21-Jan-18
T3353,2,NV851,21-Jan-18,NV6532,21-Jan-18
T3354,1,NV851,21-Jan-18,NV336,21-Jan-18
T3355,2,NV851,21-Jan-18,NV6446,21-Jan-18
T3356,2,NV851,21-Jan-18,NV6514,21-Jan-18
T3357,1,NV851,21-Jan-18,NV6514,21-Jan-18
T3358,2,NV851,21-Jan-18,NV6152,21-Jan-18
T3359,2,NV851,21-Jan-18,NV6152,21-Jan-18
T3360,2,NV851,21-Jan-18,NV6152,21-Jan-18
T3361,2,NV851,21-Jan-18,NV6152,21-Jan-18
T3362,2,NV851,21-Jan-18,NV6152,21-Jan-18
T3363,2,NV851,21-Jan-18,NV6152,21-Jan-18
T3364,2,NV851,21-Jan-18,NV6152,21-Jan-18
T3365,1,NV851,21-Jan-18,NV630,21-Jan-18
T3366,2,NV851,21-Jan-18,NV668,21-Jan-18
T3367,1,NV851,21-Jan-18,NV6577,21-Jan-18
T3368,2,NV689,21-Jan-18,NV3263,21-Jan-18
T3369,1,NV689,21-Jan-18,NV3263,21-Jan-18
T3370,1,NV689,21-Jan-18,NV6724,21-Jan-18
T3371,2,NV689,21-Jan-18,NV6548,21-Jan-18
T3372,1,NV689,21-Jan-18,NV6636,21-Jan-18
T3373,2,NV689,21-Jan-18,NV612,21-Jan-18
T3374,2,NV689,21-Jan-18,NV6616,21-Jan-18
T3375,2,NV689,21-Jan-18,NV6616,21-Jan-18
T3376,2,NV689,21-Jan-18,NV6230,21-Jan-18
T3377,2,NV689,21-Jan-18,NV336,21-Jan-18
T3378,1,NV689,21-Jan-18,NV336,21-Jan-18
T3379,2,NV689,21-Jan-18,NV6446,21-Jan-18
T3380,2,NV689,21-Jan-18,NV6446,21-Jan-18
T3381,1,NV689,21-Jan-18,NV6514,21-Jan-18
T3382,1,NV689,21-Jan-18,NV634,21-Jan-18
T3383,2,NV689,21-Jan-18,NV6152,21-Jan-18
T3384,2,NV689,21-Jan-18,NV6152,21-Jan-18
T3385,2,NV689,21-Jan-18,NV6152,21-Jan-18
T3386,2,NV689,21-Jan-18,NV6152,21-Jan-18
T3387,2,NV689,21-Jan-18,NV6152,21-Jan-18
T3388,2,NV689,21-Jan-18,NV678,21-Jan-18
T3389,2,NV689,21-Jan-18,NV6576,21-Jan-18
T3390,2,NV689,21-Jan-18,NV6612,21-Jan-18
T3391,2,NV689,21-Jan-18,NV6577,21-Jan-18
T3392,1,NV689,21-Jan-18,NV6577,21-Jan-18
T3393,1,NV689,21-Jan-18,NV626,21-Jan-18
T3394,2,NV689,21-Jan-18,NV316,21-Jan-18
T3395,2,NV689,21-Jan-18,NV316,21-Jan-18
T3396,2,NV689,21-Jan-18,NV316,21-Jan-18
T3397,1,NV689,21-Jan-18,NV316,21-Jan-18
T3398,1,NV689,21-Jan-18,NV6160,21-Jan-18
T3399,1,NV689,21-Jan-18,NV3196,21-Jan-18
T3400,2,NV689,21-Jan-18,NV6172,21-Jan-18
T3401,1,NV689,21-Jan-18,NV6172,21-Jan-18
T3402,1,NV689,21-Jan-18,NV6644,21-Jan-18
T3403,2,NV393,21-Jan-18,NV336,21-Jan-18
T3404,1,NV393,21-Jan-18,NV6514,21-Jan-18
T3405,1,NV393,21-Jan-18,NV6160,21-Jan-18
T3406,2,NV393,21-Jan-18,NV628,21-Jan-18
T3407,2,NV393,21-Jan-18,NV628,21-Jan-18
T3408,2,NV393,21-Jan-18,NV896,21-Jan-18
T3409,2,NV393,21-Jan-18,NV698,21-Jan-18
T3410,2,NV393,21-Jan-18,NV698,21-Jan-18
T3411,1,NV6157,21-Jan-18,NV6230,21-Jan-18
T3412,2,NV6157,21-Jan-18,NV6152,21-Jan-18
T3413,1,NV6157,21-Jan-18,NV6152,21-Jan-18
T3414,2,NV6157,21-Jan-18,NV630,21-Jan-18
T3415,1,NV6157,21-Jan-18,NV6172,21-Jan-18
T3416,1,NV6157,21-Jan-18,NV698,21-Jan-18
T3417,2,NV6157,21-Jan-18,NV828,21-Jan-18
T3418,1,NV6157,21-Jan-18,NV828,21-Jan-18
T3419,1,NV6157,21-Jan-18,NV632,21-Jan-18
T3420,1,NV665,21-Jan-18,NV6636,21-Jan-18
T3421,1,NV665,21-Jan-18,GN0478,21-Jan-18
T3422,1,NV665,21-Jan-18,NV6514,21-Jan-18
T3423,1,NV665,21-Jan-18,NV630,21-Jan-18
T3424,1,NV665,21-Jan-18,NV6576,21-Jan-18
T3425,2,NV665,21-Jan-18,NV6612,21-Jan-18
T3426,2,NV665,21-Jan-18,NV6612,21-Jan-18
T3427,2,NV665,21-Jan-18,NV6612,21-Jan-18
T3428,2,NV665,21-Jan-18,NV6612,21-Jan-18
T3429,2,NV665,21-Jan-18,NV6612,21-Jan-18
T3430,2,NV665,21-Jan-18,NV6612,21-Jan-18
T3431,2,NV665,21-Jan-18,NV6612,21-Jan-18
T3432,2,NV665,21-Jan-18,NV6612,21-Jan-18
T3433,2,NV665,21-Jan-18,NV6612,21-Jan-18
T3434,2,NV665,21-Jan-18,NV6612,21-Jan-18
T3435,2,NV665,21-Jan-18,NV6612,21-Jan-18
T3436,2,NV665,21-Jan-18,NV6612,21-Jan-18
T3437,2,NV665,21-Jan-18,NV6612,21-Jan-18
T3438,2,NV665,21-Jan-18,NV6612,21-Jan-18
T3439,2,NV665,21-Jan-18,NV6612,21-Jan-18
T3440,1,NV665,21-Jan-18,NV6577,21-Jan-18
T3441,2,NV665,21-Jan-18,NV3280,21-Jan-18
T3442,1,NV665,21-Jan-18,NV6160,21-Jan-18
T3443,1,NV665,21-Jan-18,NV6644,21-Jan-18
T3444,2,NV665,21-Jan-18,GN0628,21-Jan-18
T3445,2,NV665,21-Jan-18,GN0628,21-Jan-18
T3446,2,NV665,21-Jan-18,GN0628,21-Jan-18
T3447,2,NV665,21-Jan-18,GN0628,21-Jan-18
T3448,2,NV665,21-Jan-18,GN0628,21-Jan-18
T3449,2,NV665,21-Jan-18,NV628,21-Jan-18
T3450,1,NV665,21-Jan-18,NV628,21-Jan-18
T3451,1,NV665,21-Jan-18,NV3120,21-Jan-18
T3452,2,NV659,21-Jan-18,NV6152,21-Jan-18
T3453,2,NV659,21-Jan-18,NV6152,21-Jan-18
T3454,1,NV659,21-Jan-18,NV6152,21-Jan-18
T3455,2,NV659,21-Jan-18,NV6577,21-Jan-18
T3456,2,NV659,21-Jan-18,NV6577,21-Jan-18
T3457,2,NV659,21-Jan-18,NV6577,21-Jan-18
T3458,2,NV659,21-Jan-18,NV6577,21-Jan-18
T3459,2,NV659,21-Jan-18,NV6577,21-Jan-18
T3460,2,NV659,21-Jan-18,NV6577,21-Jan-18
T3461,2,NV659,21-Jan-18,NV6577,21-Jan-18
T3462,2,NV659,21-Jan-18,NV6577,21-Jan-18
T3463,2,NV659,21-Jan-18,NV6577,21-Jan-18
T3464,1,NV659,21-Jan-18,NV6160,21-Jan-18
T3465,1,NV659,21-Jan-18,NV3196,21-Jan-18
T3466,2,NV659,21-Jan-18,NV6172,21-Jan-18
T3467,2,NV659,21-Jan-18,NV6172,21-Jan-18
T3468,2,NV659,21-Jan-18,NV6172,21-Jan-18
T3469,2,NV659,21-Jan-18,NV6172,21-Jan-18
T3470,2,NV659,21-Jan-18,NV6172,21-Jan-18
T3471,2,NV659,21-Jan-18,NV6172,21-Jan-18
T3472,2,NV659,21-Jan-18,NV6172,21-Jan-18
T3473,2,NV659,21-Jan-18,NV6172,21-Jan-18
T3474,2,NV659,21-Jan-18,NV6172,21-Jan-18
T3475,1,NV659,21-Jan-18,NV6622,21-Jan-18
T3476,2,NV659,21-Jan-18,NV698,21-Jan-18
T3477,2,NV659,21-Jan-18,NV698,21-Jan-18
T3478,2,NV659,21-Jan-18,NV698,21-Jan-18
T3479,2,NV659,21-Jan-18,NV698,21-Jan-18
T3480,2,NV659,21-Jan-18,NV698,21-Jan-18
T3481,2,NV659,21-Jan-18,NV698,21-Jan-18
T3482,2,NV659,21-Jan-18,NV698,21-Jan-18
T3483,2,NV659,21-Jan-18,NV698,21-Jan-18
T3484,2,NV659,21-Jan-18,NV828,21-Jan-18
T3485,2,NV659,21-Jan-18,NV828,21-Jan-18
T3486,2,NV659,21-Jan-18,NV602,21-Jan-18
T3487,1,NV659,21-Jan-18,NV602,21-Jan-18
T3488,2,NV659,21-Jan-18,NV318,21-Jan-18
T3489,2,NV659,21-Jan-18,NV318,21-Jan-18
T3490,2,NV659,21-Jan-18,NV318,21-Jan-18
T3491,1,NV659,21-Jan-18,NV318,21-Jan-18
T3492,1,NV331,21-Jan-18,NV6577,21-Jan-18
T3493,1,NV331,21-Jan-18,NV626,21-Jan-18
T3494,2,NV331,21-Jan-18,NV6644,21-Jan-18
T3495,1,NV331,21-Jan-18,NV6518,21-Jan-18
T3496,1,NV331,21-Jan-18,NV6773,21-Jan-18
T3497,2,NV6700,21-Jan-18,NV6160,21-Jan-18
T3498,2,NV6700,21-Jan-18,NV6172,21-Jan-18
T3499,1,NV6700,21-Jan-18,NV6172,21-Jan-18
T3500,2,NV6700,21-Jan-18,NV6644,21-Jan-18
T3501,2,NV6700,21-Jan-18,NV6644,21-Jan-18
T3502,1,NV6700,21-Jan-18,NV628,21-Jan-18
T3503,2,NV6700,21-Jan-18,NV698,21-Jan-18
T3504,1,NV6700,21-Jan-18,NV6144,21-Jan-18
T3505,2,NV6700,21-Jan-18,NV640,21-Jan-18
T3506,1,NV3992,21-Jan-18,NV6172,21-Jan-18
T3507,1,NV3992,21-Jan-18,NV628,21-Jan-18
T3508,2,NV3992,21-Jan-18,NV698,21-Jan-18
T3509,2,NV3992,21-Jan-18,NV698,21-Jan-18
T3510,2,NV3992,21-Jan-18,NV698,21-Jan-18
T3511,1,NV3992,21-Jan-18,NV820,21-Jan-18
T3512,2,NV3992,21-Jan-18,NV828,21-Jan-18
T3513,2,NV3992,21-Jan-18,NV828,21-Jan-18
T3514,2,NV3992,21-Jan-18,NV828,21-Jan-18
T3515,1,NV3992,21-Jan-18,NV828,21-Jan-18
T3516,2,NV3992,21-Jan-18,NV632,21-Jan-18
T3517,1,NV3992,21-Jan-18,NV632,21-Jan-18
T3518,2,NV3992,21-Jan-18,NV602,21-Jan-18
T3519,2,NV3992,21-Jan-18,NV602,21-Jan-18
T3520,2,NV3992,21-Jan-18,NV602,21-Jan-18
T3521,2,NV3992,21-Jan-18,NV318,21-Jan-18
T3522,1,NV3992,21-Jan-18,NV318,21-Jan-18
T3523,1,NV3992,21-Jan-18,NV6316,21-Jan-18
T3524,1,NV3992,21-Jan-18,NV694,21-Jan-18
T3525,1,NV6135,21-Jan-18,NV6518,21-Jan-18
T3526,1,NV6135,21-Jan-18,NV6773,21-Jan-18
T3527,1,NV6135,21-Jan-18,NV896,21-Jan-18
T3528,1,NV6135,21-Jan-18,NV828,21-Jan-18
T3529,2,NV6135,21-Jan-18,NV318,21-Jan-18
T3530,2,NV6135,21-Jan-18,NV318,21-Jan-18
T3531,1,NV6135,21-Jan-18,NV318,21-Jan-18
T3532,2,NV6135,21-Jan-18,NV6770,21-Jan-18
T3533,1,NV6135,21-Jan-18,NV6770,21-Jan-18
T3534,1,NV6135,21-Jan-18,NV6144,21-Jan-18
T3535,1,NV6135,21-Jan-18,NV858,21-Jan-18
T3536,2,NV6135,21-Jan-18,NV6148,21-Jan-18
T3537,2,NV6135,21-Jan-18,NV694,21-Jan-18
T3538,1,NV6135,21-Jan-18,NV694,21-Jan-18
T3539,1,NV6135,21-Jan-18,NV692,21-Jan-18
T3540,1,NV6577,21-Jan-18,NV6172,21-Jan-18
T3541,2,NV6577,21-Jan-18,NV820,21-Jan-18
T3542,2,NV6577,21-Jan-18,NV6144,21-Jan-18
T3543,1,NV6577,21-Jan-18,NV6144,21-Jan-18
T3544,2,NV6577,21-Jan-18,NV858,21-Jan-18
T3545,1,NV6577,21-Jan-18,NV858,21-Jan-18
T3546,1,NV6577,21-Jan-18,NV670,21-Jan-18
T3547,1,NV6577,21-Jan-18,NV694,21-Jan-18
T3548,2,NV6577,21-Jan-18,NV342,21-Jan-18
T3549,2,NV6697,21-Jan-18,NV3280,21-Jan-18
T3550,2,NV6697,21-Jan-18,NV3280,21-Jan-18
T3551,1,NV6697,21-Jan-18,NV6172,21-Jan-18
T3552,1,NV6697,21-Jan-18,NV698,21-Jan-18
T3553,1,NV6697,21-Jan-18,NV602,21-Jan-18
T3554,2,NV6697,21-Jan-18,NV6144,21-Jan-18
T3555,2,NV6697,21-Jan-18,NV6144,21-Jan-18
T3556,2,NV6697,21-Jan-18,NV6144,21-Jan-18
T3557,2,NV6697,21-Jan-18,NV6144,21-Jan-18
T3558,2,NV6697,21-Jan-18,NV858,21-Jan-18
T3559,2,NV6697,21-Jan-18,NV858,21-Jan-18
T3560,1,NV6697,21-Jan-18,NV858,21-Jan-18
T3561,1,NV6697,21-Jan-18,NV6148,21-Jan-18
T3562,2,NV6697,21-Jan-18,NV670,21-Jan-18
T3563,1,NV6697,21-Jan-18,NV670,21-Jan-18
T3564,2,NV6697,21-Jan-18,NV898,21-Jan-18
T3565,2,NV6697,21-Jan-18,NV898,21-Jan-18
T3566,2,NV6697,21-Jan-18,NV898,21-Jan-18
T3567,2,NV6697,21-Jan-18,NV898,21-Jan-18
T3568,2,NV6697,21-Jan-18,NV898,21-Jan-18
T3569,2,NV6697,21-Jan-18,NV898,21-Jan-18
T3570,2,NV6697,21-Jan-18,NV898,21-Jan-18
T3571,2,NV6697,21-Jan-18,NV898,21-Jan-18
T3572,2,NV6697,21-Jan-18,NV898,21-Jan-18
T3573,2,NV6697,21-Jan-18,NV898,21-Jan-18
T3574,2,NV6697,21-Jan-18,NV898,21-Jan-18
T3575,2,NV6697,21-Jan-18,NV898,21-Jan-18
T3576,2,NV6697,21-Jan-18,NV898,21-Jan-18
T3577,2,NV6697,21-Jan-18,NV898,21-Jan-18
T3578,2,NV6697,21-Jan-18,NV898,21-Jan-18
T3579,2,NV6697,21-Jan-18,NV898,21-Jan-18
T3580,2,NV6697,21-Jan-18,NV898,21-Jan-18
T3581,1,NV6697,21-Jan-18,NV898,21-Jan-18
T3582,2,NV6697,21-Jan-18,NV640,21-Jan-18
T3583,2,NV6697,21-Jan-18,NV640,21-Jan-18
T3584,1,NV6697,21-Jan-18,NV640,21-Jan-18
T3585,2,NV6579,21-Jan-18,NV628,21-Jan-18
T3586,1,NV6579,21-Jan-18,NV628,21-Jan-18
T3587,1,NV6579,21-Jan-18,NV3120,21-Jan-18
T3588,2,NV6579,21-Jan-18,NV698,21-Jan-18
T3589,1,NV6579,21-Jan-18,NV698,21-Jan-18
T3590,2,NV6579,21-Jan-18,NV820,21-Jan-18
T3591,2,NV6579,21-Jan-18,NV820,21-Jan-18
T3592,2,NV6579,21-Jan-18,NV820,21-Jan-18
T3593,2,NV6579,21-Jan-18,NV632,21-Jan-18
T3594,2,NV6579,21-Jan-18,NV632,21-Jan-18
T3595,1,NV6579,21-Jan-18,NV632,21-Jan-18
T3596,2,NV6579,21-Jan-18,NV346,21-Jan-18
T3597,1,NV6579,21-Jan-18,NV346,21-Jan-18
T3598,2,NV6579,21-Jan-18,NV858,21-Jan-18
T3599,2,NV6645,21-Jan-18,NV6160,21-Jan-18
T3600,2,NV6645,21-Jan-18,NV6160,21-Jan-18
T3601,2,NV6645,21-Jan-18,NV618,21-Jan-18
T3602,1,NV6645,21-Jan-18,NV698,21-Jan-18
T3603,1,NV6645,21-Jan-18,NV828,21-Jan-18
T3604,1,NV6645,21-Jan-18,NV632,21-Jan-18
T3605,2,NV6645,21-Jan-18,NV318,21-Jan-18
T3606,2,NV6645,21-Jan-18,NV318,21-Jan-18
T3607,1,NV6645,21-Jan-18,NV318,21-Jan-18
T3608,2,NV6645,21-Jan-18,NV614,21-Jan-18
T3609,1,NV6645,21-Jan-18,NV3118,21-Jan-18
T3610,1,NV6645,21-Jan-18,NV640,21-Jan-18
T3611,1,NV6645,21-Jan-18,NV694,21-Jan-18
T3612,2,NV6645,21-Jan-18,NV342,21-Jan-18
T3613,2,NV3620,21-Jan-18,NV628,21-Jan-18
T3614,1,NV3620,21-Jan-18,NV628,21-Jan-18
T3615,1,NV3620,21-Jan-18,NV828,21-Jan-18
T3616,2,NV3620,21-Jan-18,NV318,21-Jan-18
T3617,2,NV3620,21-Jan-18,NV346,21-Jan-18
T3618,1,NV3620,21-Jan-18,NV346,21-Jan-18
T3619,1,NV6623,21-Jan-18,NV6773,21-Jan-18
T3620,2,NV6623,21-Jan-18,NV618,21-Jan-18
T3621,1,NV6623,21-Jan-18,NV618,21-Jan-18
T3622,2,NV6623,21-Jan-18,NV698,21-Jan-18
T3623,2,NV6623,21-Jan-18,NV698,21-Jan-18
T3624,1,NV6623,21-Jan-18,NV828,21-Jan-18
T3625,1,NV6623,21-Jan-18,NV632,21-Jan-18
T3626,1,NV6623,21-Jan-18,NV318,21-Jan-18
T3627,1,NV6623,21-Jan-18,NV6118,21-Jan-18
T3628,2,NV6623,21-Jan-18,NV6148,21-Jan-18
T3629,2,NV6623,21-Jan-18,NV6148,21-Jan-18
T3630,2,NV6623,21-Jan-18,NV6713,21-Jan-18
T3631,2,NV6623,21-Jan-18,NV6713,21-Jan-18
T3632,2,NV6623,21-Jan-18,NV640,21-Jan-18
T3633,2,NV6623,21-Jan-18,NV640,21-Jan-18
T3634,2,NV6623,21-Jan-18,NV640,21-Jan-18
T3635,2,NV6623,21-Jan-18,NV694,21-Jan-18
T3636,1,NV6623,21-Jan-18,NV694,21-Jan-18
T3637,2,NV628,21-Jan-18,NV3120,21-Jan-18
T3638,2,NV628,21-Jan-18,NV3120,21-Jan-18
T3639,1,NV628,21-Jan-18,NV3120,21-Jan-18
T3640,2,NV628,21-Jan-18,NV698,21-Jan-18
T3641,1,NV628,21-Jan-18,NV828,21-Jan-18
T3642,2,NV628,21-Jan-18,NV318,21-Jan-18
T3643,2,NV628,21-Jan-18,NV318,21-Jan-18
T3644,2,NV628,21-Jan-18,NV670,21-Jan-18
T3645,2,NV628,21-Jan-18,NV670,21-Jan-18
T3646,2,NV628,21-Jan-18,NV670,21-Jan-18
T3647,2,NV628,21-Jan-18,NV670,21-Jan-18
T3648,2,NV628,21-Jan-18,NV670,21-Jan-18
T3649,2,NV628,21-Jan-18,NV398,21-Jan-18
T3650,1,NV628,21-Jan-18,NV398,21-Jan-18
T3651,2,NV698,21-Jan-18,NV828,21-Jan-18
T3652,2,NV698,21-Jan-18,NV828,21-Jan-18
T3653,1,NV698,21-Jan-18,NV632,21-Jan-18
T3654,1,NV698,21-Jan-18,NV602,21-Jan-18
T3655,1,NV698,21-Jan-18,NV318,21-Jan-18
T3656,2,NV698,21-Jan-18,NV6144,21-Jan-18
T3657,2,NV698,21-Jan-18,NV6144,21-Jan-18
T3658,1,NV698,21-Jan-18,NV6144,21-Jan-18
T3659,1,NV698,21-Jan-18,NV6148,21-Jan-18
T3660,2,NV698,21-Jan-18,NV898,21-Jan-18
T3661,2,NV698,21-Jan-18,NV898,21-Jan-18
T3662,2,NV698,21-Jan-18,NV898,21-Jan-18
T3663,2,NV698,21-Jan-18,NV898,21-Jan-18
T3664,2,NV698,21-Jan-18,NV898,21-Jan-18
T3665,2,NV698,21-Jan-18,NV898,21-Jan-18
T3666,1,NV698,21-Jan-18,NV898,21-Jan-18
T3667,1,NV698,21-Jan-18,NV640,21-Jan-18
T3668,2,NV698,21-Jan-18,NV662,21-Jan-18
T3669,2,NV698,21-Jan-18,NV690,21-Jan-18
T3670,2,NV698,21-Jan-18,NV690,21-Jan-18
T3671,2,NV698,21-Jan-18,NV690,21-Jan-18
T3672,1,NV698,21-Jan-18,NV690,21-Jan-18
T3673,2,NV6773,21-Jan-18,NV618,21-Jan-18
T3674,2,NV6773,21-Jan-18,NV618,21-Jan-18
T3675,2,NV6773,21-Jan-18,NV618,21-Jan-18
T3676,2,NV6773,21-Jan-18,NV618,21-Jan-18
T3677,2,NV6773,21-Jan-18,NV618,21-Jan-18
T3678,2,NV6773,21-Jan-18,NV618,21-Jan-18
T3679,2,NV6773,21-Jan-18,NV618,21-Jan-18
T3680,1,NV6773,21-Jan-18,NV820,21-Jan-18
T3681,1,NV6773,21-Jan-18,NV602,21-Jan-18
T3682,2,NV6773,21-Jan-18,NV346,21-Jan-18
T3683,2,NV6773,21-Jan-18,NV346,21-Jan-18
T3684,2,NV6773,21-Jan-18,NV346,21-Jan-18
T3685,2,NV6773,21-Jan-18,NV614,21-Jan-18
T3686,2,NV6773,21-Jan-18,NV614,21-Jan-18
T3687,2,NV6773,21-Jan-18,NV614,21-Jan-18
T3688,1,NV6773,21-Jan-18,NV614,21-Jan-18
T3689,1,NV6773,21-Jan-18,NV6148,21-Jan-18
T3690,1,NV6773,21-Jan-18,NV670,21-Jan-18
T3691,2,NV6773,21-Jan-18,NV6713,21-Jan-18
T3692,2,NV6773,21-Jan-18,NV662,21-Jan-18
T3693,2,NV6773,21-Jan-18,NV342,21-Jan-18
T3694,2,NV6773,21-Jan-18,NV342,21-Jan-18
T3695,2,NV6773,21-Jan-18,NV342,21-Jan-18
T3696,2,NV3513,21-Jan-18,NV618,21-Jan-18
T3697,1,NV3513,21-Jan-18,NV318,21-Jan-18
T3698,2,NV3513,21-Jan-18,NV614,21-Jan-18
T3699,2,NV3513,21-Jan-18,NV858,21-Jan-18
T3700,2,NV3513,21-Jan-18,NV858,21-Jan-18
T3701,2,NV3513,21-Jan-18,NV858,21-Jan-18
T3702,1,NV3513,21-Jan-18,NV694,21-Jan-18
T3703,2,NV3513,21-Jan-18,NV342,21-Jan-18
T3704,2,NV6655,21-Jan-18,NV632,21-Jan-18
T3705,2,NV6655,21-Jan-18,NV614,21-Jan-18
T3706,1,NV6655,21-Jan-18,NV670,21-Jan-18
T3707,2,NV6655,21-Jan-18,NV640,21-Jan-18
T3708,2,NV6655,21-Jan-18,NV640,21-Jan-18
T3709,2,NV6533,21-Jan-18,NV820,21-Jan-18
T3710,2,NV6533,21-Jan-18,NV828,21-Jan-18
T3711,2,NV6533,21-Jan-18,NV602,21-Jan-18
T3712,2,NV6533,21-Jan-18,NV602,21-Jan-18
T3713,1,NV6533,21-Jan-18,NV602,21-Jan-18
T3714,1,NV6533,21-Jan-18,NV318,21-Jan-18
T3715,2,NV6533,21-Jan-18,NV346,21-Jan-18
T3716,1,NV6533,21-Jan-18,NV6144,21-Jan-18
T3717,2,NV6533,21-Jan-18,NV640,21-Jan-18
T3718,1,NV6533,21-Jan-18,NV640,21-Jan-18
T3719,2,NV6163,21-Jan-18,NV698,21-Jan-18
T3720,2,NV6163,21-Jan-18,NV698,21-Jan-18
T3721,1,NV6163,21-Jan-18,NV698,21-Jan-18
T3722,2,NV6163,21-Jan-18,NV828,21-Jan-18
T3723,1,NV6163,21-Jan-18,NV828,21-Jan-18
T3724,1,NV6163,21-Jan-18,NV318,21-Jan-18
T3725,2,NV6163,21-Jan-18,NV346,21-Jan-18
T3726,2,NV6163,21-Jan-18,NV346,21-Jan-18
T3727,2,NV6163,21-Jan-18,NV346,21-Jan-18
T3728,2,NV6163,21-Jan-18,NV346,21-Jan-18
T3729,2,NV6163,21-Jan-18,NV6118,21-Jan-18
T3730,2,NV6163,21-Jan-18,NV670,21-Jan-18
T3731,1,NV6163,21-Jan-18,NV6713,21-Jan-18
T3732,2,NV6163,21-Jan-18,NV305,21-Jan-18
T3733,2,NV6163,21-Jan-18,NV3118,21-Jan-18
T3734,1,NV6163,21-Jan-18,NV6290,21-Jan-18
T3735,1,NV6163,21-Jan-18,NV694,21-Jan-18
T3736,2,NV6163,21-Jan-18,NV342,21-Jan-18
T3737,2,NV6163,21-Jan-18,NV342,21-Jan-18
T3738,2,NV6163,21-Jan-18,NV342,21-Jan-18
T3739,2,NV6163,21-Jan-18,NV342,21-Jan-18
T3740,2,NV6163,21-Jan-18,NV342,21-Jan-18
T3741,2,NV6163,21-Jan-18,NV342,21-Jan-18
T3742,2,NV6163,21-Jan-18,NV342,21-Jan-18
T3743,2,NV6163,21-Jan-18,NV342,21-Jan-18
T3744,1,NV6163,21-Jan-18,NV342,21-Jan-18
T3745,2,NV6163,21-Jan-18,NV652,21-Jan-18
T3746,2,NV6163,21-Jan-18,NV652,21-Jan-18
T3747,2,NV6163,21-Jan-18,NV652,21-Jan-18
T3748,1,NV6163,21-Jan-18,NV652,21-Jan-18
T3749,2,NV6163,21-Jan-18,NV674,21-Jan-18
T3750,2,NV6163,21-Jan-18,NV676,21-Jan-18
T3751,2,NV6163,21-Jan-18,NV676,21-Jan-18
T3752,2,NV6163,21-Jan-18,NV676,21-Jan-18
T3753,2,NV6163,21-Jan-18,NV676,21-Jan-18
T3754,2,NV6163,21-Jan-18,NV676,21-Jan-18
T3755,2,NV6163,21-Jan-18,NV676,21-Jan-18
T3756,2,NV6163,21-Jan-18,NV676,21-Jan-18
T3757,2,NV6163,21-Jan-18,NV676,21-Jan-18
T3758,2,NV6163,21-Jan-18,NV676,21-Jan-18
T3759,2,NV6163,21-Jan-18,NV676,21-Jan-18
T3760,1,NV6163,21-Jan-18,NV676,21-Jan-18
T3761,1,NV6625,21-Jan-18,NV676,21-Jan-18
T3762,1,NV6479,21-Jan-18,NV6656,21-Jan-18
T3763,1,NV6479,21-Jan-18,NV698,21-Jan-18
T3764,2,NV6479,21-Jan-18,NV820,21-Jan-18
T3765,2,NV6479,21-Jan-18,NV820,21-Jan-18
T3766,2,NV6479,21-Jan-18,NV828,21-Jan-18
T3767,1,NV6479,21-Jan-18,NV602,21-Jan-18
T3768,2,NV6479,21-Jan-18,NV318,21-Jan-18
T3769,1,NV6479,21-Jan-18,NV318,21-Jan-18
T3770,1,NV6479,21-Jan-18,NV858,21-Jan-18
T3771,2,NV6479,21-Jan-18,NV6148,21-Jan-18
T3772,1,NV6479,21-Jan-18,NV6148,21-Jan-18
T3773,1,NV6479,21-Jan-18,NV670,21-Jan-18
T3774,1,NV6479,21-Jan-18,NV898,21-Jan-18
T3775,1,NV6479,21-Jan-18,NV640,21-Jan-18
T3776,2,NV6479,21-Jan-18,NV662,21-Jan-18
T3777,1,NV6479,21-Jan-18,NV694,21-Jan-18
T3778,2,NV6479,21-Jan-18,NV692,21-Jan-18
T3779,2,NV6479,21-Jan-18,NV692,21-Jan-18
T3780,2,NV837,21-Jan-18,NV828,21-Jan-18
T3781,2,NV837,21-Jan-18,NV602,21-Jan-18
T3782,1,NV837,21-Jan-18,NV602,21-Jan-18
T3783,2,NV837,21-Jan-18,NV318,21-Jan-18
T3784,2,NV837,21-Jan-18,NV6770,21-Jan-18
T3785,1,NV837,21-Jan-18,NV6770,21-Jan-18
T3786,2,NV837,21-Jan-18,NV6148,21-Jan-18
T3787,2,NV837,21-Jan-18,NV6148,21-Jan-18
T3788,1,NV837,21-Jan-18,NV6148,21-Jan-18
T3789,1,NV837,21-Jan-18,NV670,21-Jan-18
T3790,1,NV837,21-Jan-18,NV3194,21-Jan-18
T3791,1,NV837,21-Jan-18,NV694,21-Jan-18
T3792,1,NV837,21-Jan-18,NV692,21-Jan-18
T3793,1,NV6313,21-Jan-18,NV858,21-Jan-18
T3794,2,NV6294,21-Jan-18,NV828,21-Jan-18
T3795,1,NV6294,21-Jan-18,NV602,21-Jan-18
T3796,1,NV6294,21-Jan-18,NV318,21-Jan-18
T3797,2,NV6294,21-Jan-18,NV346,21-Jan-18
T3798,2,NV6294,21-Jan-18,NV346,21-Jan-18
T3799,2,NV6294,21-Jan-18,NV6118,21-Jan-18
T3800,2,NV6294,21-Jan-18,NV6118,21-Jan-18
T3801,2,NV6294,21-Jan-18,NV6118,21-Jan-18
T3802,2,NV6294,21-Jan-18,NV6148,21-Jan-18
T3803,2,NV6294,21-Jan-18,NV6148,21-Jan-18
T3804,2,NV6294,21-Jan-18,NV6148,21-Jan-18
T3805,2,NV6294,21-Jan-18,NV6148,21-Jan-18
T3806,2,NV6294,21-Jan-18,NV6148,21-Jan-18
T3807,2,NV6294,21-Jan-18,NV6148,21-Jan-18
T3808,2,NV6294,21-Jan-18,NV6148,21-Jan-18
T3809,2,NV6294,21-Jan-18,NV6148,21-Jan-18
T3810,2,NV6294,21-Jan-18,NV6148,21-Jan-18
T3811,2,NV6294,21-Jan-18,NV6148,21-Jan-18
T3812,2,NV6294,21-Jan-18,NV6148,21-Jan-18
T3813,2,NV6294,21-Jan-18,NV6148,21-Jan-18
T3814,2,NV6294,21-Jan-18,NV6148,21-Jan-18
T3815,2,NV6294,21-Jan-18,NV6148,21-Jan-18
T3816,2,NV6294,21-Jan-18,NV6148,21-Jan-18
T3817,1,NV6294,21-Jan-18,NV670,21-Jan-18
T3818,2,NV6294,21-Jan-18,NV898,21-Jan-18
T3819,2,NV6294,21-Jan-18,NV898,21-Jan-18
T3820,1,NV6294,21-Jan-18,NV3118,21-Jan-18
T3821,2,NV6294,21-Jan-18,NV662,21-Jan-18
T3822,2,NV6294,21-Jan-18,NV694,21-Jan-18
T3823,2,NV6294,21-Jan-18,NV342,21-Jan-18
T3824,2,NV6294,21-Jan-18,NV342,21-Jan-18
T3825,1,NV6294,21-Jan-18,NV342,21-Jan-18
T3826,2,NV6513,21-Jan-18,NV828,21-Jan-18
T3827,2,NV6513,21-Jan-18,NV318,21-Jan-18
T3828,1,NV6513,21-Jan-18,NV318,21-Jan-18
T3829,1,NV6513,21-Jan-18,NV6144,21-Jan-18
T3830,2,NV6513,21-Jan-18,NV640,21-Jan-18
T3831,2,NV6513,21-Jan-18,NV640,21-Jan-18
T3832,2,NV6513,21-Jan-18,NV640,21-Jan-18
T3833,2,NV6513,21-Jan-18,NV640,21-Jan-18
T3834,2,NV6513,21-Jan-18,NV640,21-Jan-18
T3835,2,NV6513,21-Jan-18,NV640,21-Jan-18
T3836,2,NV6513,21-Jan-18,NV640,21-Jan-18
T3837,2,NV6513,21-Jan-18,NV640,21-Jan-18
T3838,2,NV6513,21-Jan-18,NV640,21-Jan-18
T3839,2,NV6513,21-Jan-18,NV640,21-Jan-18
T3840,2,NV6513,21-Jan-18,NV640,21-Jan-18
T3841,2,NV6513,21-Jan-18,NV640,21-Jan-18
T3842,2,NV6513,21-Jan-18,NV640,21-Jan-18
T3843,2,NV6513,21-Jan-18,NV640,21-Jan-18
T3844,2,NV6513,21-Jan-18,NV640,21-Jan-18
T3845,2,NV6513,21-Jan-18,NV640,21-Jan-18
T3846,2,NV6513,21-Jan-18,NV640,21-Jan-18
T3847,2,NV6513,21-Jan-18,NV640,21-Jan-18
T3848,1,NV6443,21-Jan-18,NV828,21-Jan-18
T3849,2,NV6443,21-Jan-18,NV346,21-Jan-18
T3850,1,NV6443,21-Jan-18,NV858,21-Jan-18
T3851,2,NV6443,21-Jan-18,NV6148,21-Jan-18
T3852,2,NV6443,21-Jan-18,NV670,21-Jan-18
T3853,2,NV6443,21-Jan-18,NV670,21-Jan-18
T3854,2,NV6443,21-Jan-18,NV6510,21-Jan-18
T3855,2,NV6443,21-Jan-18,NV342,21-Jan-18
T3856,2,NV6443,21-Jan-18,NV342,21-Jan-18
T3857,2,NV6443,21-Jan-18,NV342,21-Jan-18
T3858,2,NV6443,21-Jan-18,NV342,21-Jan-18
T3859,1,NV3120,21-Jan-18,NV698,21-Jan-18
T3860,1,NV3120,21-Jan-18,NV632,21-Jan-18
T3861,2,NV3120,21-Jan-18,NV318,21-Jan-18
T3862,2,NV3120,21-Jan-18,NV346,21-Jan-18
T3863,2,NV3120,21-Jan-18,NV6316,21-Jan-18
T3864,2,NV3120,21-Jan-18,NV6316,21-Jan-18
T3865,2,NV3120,21-Jan-18,NV6316,21-Jan-18
T3866,2,NV3120,21-Jan-18,NV6316,21-Jan-18
T3867,1,NV3120,21-Jan-18,NV6316,21-Jan-18
T3868,2,NV3120,21-Jan-18,NV6148,21-Jan-18
T3869,2,NV3120,21-Jan-18,NV670,21-Jan-18
T3870,2,NV3120,21-Jan-18,NV670,21-Jan-18
T3871,1,NV3120,21-Jan-18,NV670,21-Jan-18
T3872,2,NV3120,21-Jan-18,NV640,21-Jan-18
T3873,2,NV3120,21-Jan-18,NV640,21-Jan-18
T3874,2,NV3120,21-Jan-18,NV640,21-Jan-18
T3875,1,NV3120,21-Jan-18,NV640,21-Jan-18
T3876,1,NV3120,21-Jan-18,NV692,21-Jan-18
T3877,1,NV3120,21-Jan-18,NV690,21-Jan-18
T3878,1,NV632,21-Jan-18,NV318,21-Jan-18
T3879,1,NV632,21-Jan-18,NV6118,21-Jan-18
T3880,1,NV632,21-Jan-18,NV6148,21-Jan-18
T3881,1,NV632,21-Jan-18,NV898,21-Jan-18
T3882,1,NV632,21-Jan-18,NV3118,21-Jan-18
T3883,2,NV632,21-Jan-18,NV640,21-Jan-18
T3884,1,NV632,21-Jan-18,NV640,21-Jan-18
T3885,2,NV632,21-Jan-18,NV662,21-Jan-18
T3886,2,NV632,21-Jan-18,NV662,21-Jan-18
T3887,2,NV632,21-Jan-18,NV662,21-Jan-18
T3888,2,NV632,21-Jan-18,NV398,21-Jan-18
T3889,1,NV632,21-Jan-18,NV398,21-Jan-18
T3890,1,NV632,21-Jan-18,NV694,21-Jan-18
T3891,2,NV632,21-Jan-18,NV692,21-Jan-18
T3892,2,NV632,21-Jan-18,NV342,21-Jan-18
T3893,1,NV632,21-Jan-18,NV342,21-Jan-18
T3894,2,NV632,21-Jan-18,NV674,21-Jan-18
T3895,2,NV632,21-Jan-18,NV674,21-Jan-18
T3896,2,NV632,21-Jan-18,NV674,21-Jan-18
T3897,1,NV6387,21-Jan-18,NV690,21-Jan-18
T3898,1,GN0495,21-Jan-18,NV318,21-Jan-18
T3899,2,NV323,21-Jan-18,NV602,21-Jan-18
T3900,2,NV323,21-Jan-18,NV318,21-Jan-18
T3901,2,NV323,21-Jan-18,NV318,21-Jan-18
T3902,2,NV323,21-Jan-18,NV318,21-Jan-18
T3903,2,NV323,21-Jan-18,NV318,21-Jan-18
T3904,2,NV323,21-Jan-18,NV318,21-Jan-18
T3905,2,NV323,21-Jan-18,NV318,21-Jan-18
T3906,2,NV323,21-Jan-18,NV318,21-Jan-18
T3907,2,NV323,21-Jan-18,NV318,21-Jan-18
T3908,2,NV323,21-Jan-18,NV318,21-Jan-18
T3909,2,NV323,21-Jan-18,NV318,21-Jan-18
T3910,2,NV323,21-Jan-18,NV318,21-Jan-18
T3911,2,NV323,21-Jan-18,NV318,21-Jan-18
T3912,2,NV323,21-Jan-18,NV318,21-Jan-18
T3913,2,NV323,21-Jan-18,NV318,21-Jan-18
T3914,2,NV323,21-Jan-18,NV318,21-Jan-18
T3915,2,NV323,21-Jan-18,NV318,21-Jan-18
T3916,2,NV323,21-Jan-18,NV318,21-Jan-18
T3917,2,NV323,21-Jan-18,NV318,21-Jan-18
T3918,2,NV323,21-Jan-18,NV318,21-Jan-18
T3919,2,NV323,21-Jan-18,NV318,21-Jan-18
T3920,2,NV323,21-Jan-18,NV318,21-Jan-18
T3921,1,NV323,21-Jan-18,NV318,21-Jan-18
T3922,1,NV323,21-Jan-18,NV670,21-Jan-18
T3923,2,NV323,21-Jan-18,NV898,21-Jan-18
T3924,1,NV323,21-Jan-18,NV898,21-Jan-18
T3925,1,NV323,21-Jan-18,NV398,21-Jan-18
T3926,2,NV323,21-Jan-18,NV694,21-Jan-18
T3927,2,NV323,21-Jan-18,NV694,21-Jan-18
T3928,2,NV323,21-Jan-18,NV694,21-Jan-18
T3929,2,NV323,21-Jan-18,NV692,21-Jan-18
T3930,2,NV323,21-Jan-18,NV692,21-Jan-18
T3931,2,NV323,21-Jan-18,NV692,21-Jan-18
T3932,2,NV323,21-Jan-18,NV692,21-Jan-18
T3933,1,NV323,21-Jan-18,NV692,21-Jan-18
T3934,1,NV323,21-Jan-18,NV3269,21-Jan-18
T3935,2,NV323,21-Jan-18,NV690,21-Jan-18
T3936,2,NV323,21-Jan-18,NV690,21-Jan-18
T3937,2,NV323,21-Jan-18,NV690,21-Jan-18
T3938,2,NV323,21-Jan-18,NV690,21-Jan-18
T3939,1,NV323,21-Jan-18,NV690,21-Jan-18
T3940,1,NV687,21-Jan-18,NV305,21-Jan-18
T3941,1,NV687,21-Jan-18,NV3194,21-Jan-18
T3942,2,NV687,21-Jan-18,NV6488,21-Jan-18
T3943,1,NV687,21-Jan-18,NV6488,21-Jan-18
T3944,1,NV687,21-Jan-18,NV6510,21-Jan-18
T3945,1,NV687,21-Jan-18,NV342,21-Jan-18
T3946,1,NV687,21-Jan-18,NV3703,21-Jan-18
T3947,1,NV687,21-Jan-18,NV674,21-Jan-18
T3948,1,NV6731,21-Jan-18,NV6118,21-Jan-18
T3949,2,NV6731,21-Jan-18,NV614,21-Jan-18
T3950,2,NV6731,21-Jan-18,NV614,21-Jan-18
T3951,2,NV6731,21-Jan-18,NV614,21-Jan-18
T3952,2,NV6731,21-Jan-18,NV6713,21-Jan-18
T3953,2,NV6731,21-Jan-18,NV6713,21-Jan-18
T3954,2,NV6731,21-Jan-18,NV6713,21-Jan-18
T3955,2,NV6731,21-Jan-18,NV662,21-Jan-18
T3956,2,NV6731,21-Jan-18,NV6488,21-Jan-18
T3957,2,NV6731,21-Jan-18,NV6488,21-Jan-18
T3958,2,NV6731,21-Jan-18,NV610,21-Jan-18
T3959,2,NV6731,21-Jan-18,NV610,21-Jan-18
T3960,1,NV6731,21-Jan-18,NV610,21-Jan-18
T3961,1,NV820,21-Jan-18,NV6118,21-Jan-18
T3962,1,NV820,21-Jan-18,NV6144,21-Jan-18
T3963,2,NV820,21-Jan-18,NV652,21-Jan-18
T3964,2,NV820,21-Jan-18,NV676,21-Jan-18
T3965,2,NV820,21-Jan-18,NV676,21-Jan-18
T3966,1,NV858,21-Jan-18,NV602,21-Jan-18
T3967,2,NV858,21-Jan-18,NV318,21-Jan-18
T3968,1,NV858,21-Jan-18,NV318,21-Jan-18
T3969,2,NV858,21-Jan-18,NV6144,21-Jan-18
T3970,2,NV858,21-Jan-18,NV6144,21-Jan-18
T3971,2,NV858,21-Jan-18,NV6144,21-Jan-18
T3972,2,NV858,21-Jan-18,NV6148,21-Jan-18
T3973,1,NV858,21-Jan-18,NV6148,21-Jan-18
T3974,1,NV858,21-Jan-18,NV670,21-Jan-18
T3975,2,NV858,21-Jan-18,NV640,21-Jan-18
T3976,2,NV858,21-Jan-18,NV640,21-Jan-18
T3977,2,NV858,21-Jan-18,NV640,21-Jan-18
T3978,1,NV858,21-Jan-18,NV662,21-Jan-18
T3979,1,NV858,21-Jan-18,NV694,21-Jan-18
T3980,2,NV858,21-Jan-18,NV692,21-Jan-18
T3981,2,NV858,21-Jan-18,NV692,21-Jan-18
T3982,1,NV858,21-Jan-18,NV692,21-Jan-18
T3983,2,NV6713,21-Jan-18,NV318,21-Jan-18
T3984,1,NV6713,21-Jan-18,NV318,21-Jan-18
T3985,1,NV6713,21-Jan-18,NV346,21-Jan-18
T3986,1,NV6713,21-Jan-18,NV6118,21-Jan-18
T3987,2,NV6713,21-Jan-18,NV614,21-Jan-18
T3988,2,NV6713,21-Jan-18,NV614,21-Jan-18
T3989,2,NV6713,21-Jan-18,NV898,21-Jan-18
T3990,2,NV6713,21-Jan-18,NV898,21-Jan-18
T3991,2,NV6713,21-Jan-18,NV898,21-Jan-18
T3992,2,NV6713,21-Jan-18,NV898,21-Jan-18
T3993,2,NV6713,21-Jan-18,NV898,21-Jan-18
T3994,2,NV6713,21-Jan-18,NV898,21-Jan-18
T3995,2,NV6713,21-Jan-18,NV898,21-Jan-18
T3996,2,NV6713,21-Jan-18,NV898,21-Jan-18
T3997,2,NV6713,21-Jan-18,NV898,21-Jan-18
T3998,2,NV6713,21-Jan-18,NV898,21-Jan-18
T3999,2,NV6713,21-Jan-18,NV898,21-Jan-18
T4000,2,NV6713,21-Jan-18,NV898,21-Jan-18
T4001,2,NV6713,21-Jan-18,NV3118,21-Jan-18
T4002,2,NV6713,21-Jan-18,NV3118,21-Jan-18
T4003,1,NV6713,21-Jan-18,NV640,21-Jan-18
T4004,2,NV6713,21-Jan-18,NV610,21-Jan-18
T4005,2,NV6713,21-Jan-18,NV610,21-Jan-18
T4006,2,NV6713,21-Jan-18,NV610,21-Jan-18
T4007,2,NV6713,21-Jan-18,NV610,21-Jan-18
T4008,2,NV6713,21-Jan-18,NV342,21-Jan-18
T4009,2,NV6713,21-Jan-18,NV342,21-Jan-18
T4010,2,NV6713,21-Jan-18,NV342,21-Jan-18
T4011,2,NV6713,21-Jan-18,NV342,21-Jan-18
T4012,2,NV6713,21-Jan-18,NV342,21-Jan-18
T4013,2,NV6713,21-Jan-18,NV6198,21-Jan-18
T4014,2,NV6713,21-Jan-18,NV676,21-Jan-18
T4015,2,NV6713,21-Jan-18,NV676,21-Jan-18
T4016,2,NV6713,21-Jan-18,NV676,21-Jan-18
T4017,1,NV6713,21-Jan-18,NV676,21-Jan-18
T4018,2,NV303,21-Jan-18,NV305,21-Jan-18
T4019,1,NV303,21-Jan-18,NV305,21-Jan-18
T4020,1,NV303,21-Jan-18,NV342,21-Jan-18
T4021,2,NV303,21-Jan-18,NV3703,21-Jan-18
T4022,1,NV303,21-Jan-18,NV6722,21-Jan-18
T4023,2,NV643,21-Jan-18,NV305,21-Jan-18
T4024,1,NV643,21-Jan-18,NV3194,21-Jan-18
T4025,2,NV643,21-Jan-18,NV342,21-Jan-18
T4026,2,NV643,21-Jan-18,NV3703,21-Jan-18
T4027,2,NV643,21-Jan-18,NV3703,21-Jan-18
T4028,1,NV643,21-Jan-18,NV6540,21-Jan-18
T4029,2,NV643,21-Jan-18,NV6574,21-Jan-18
T4030,1,NV305,21-Jan-18,NV303,21-Jan-18
T4031,1,NV305,21-Jan-18,NV610,21-Jan-18
T4032,1,NV305,21-Jan-18,NV6510,21-Jan-18
T4033,1,NV305,21-Jan-18,NV3703,21-Jan-18
T4034,1,NV305,21-Jan-18,NV3269,21-Jan-18
T4035,1,NV6148,21-Jan-18,NV898,21-Jan-18
T4036,2,NV6148,21-Jan-18,NV640,21-Jan-18
T4037,2,NV6148,21-Jan-18,NV662,21-Jan-18
T4038,2,NV6148,21-Jan-18,NV662,21-Jan-18
T4039,2,NV6148,21-Jan-18,NV6198,21-Jan-18
T4040,2,NV6148,21-Jan-18,NV6198,21-Jan-18
T4041,2,NV6148,21-Jan-18,NV6198,21-Jan-18
T4042,2,NV6148,21-Jan-18,NV6198,21-Jan-18
T4043,1,NV6148,21-Jan-18,NV6198,21-Jan-18
T4044,2,NV6148,21-Jan-18,NV676,21-Jan-18
T4045,1,NV6148,21-Jan-18,NV6762,21-Jan-18
T4046,1,NV639,21-Jan-18,NV6510,21-Jan-18
T4047,1,NV639,21-Jan-18,NV6722,21-Jan-18
T4048,2,NV6785,21-Jan-18,NV640,21-Jan-18
T4049,1,NV6785,21-Jan-18,NV640,21-Jan-18
T4050,2,NV6785,21-Jan-18,NV662,21-Jan-18
T4051,2,NV6785,21-Jan-18,NV398,21-Jan-18
T4052,2,NV6785,21-Jan-18,NV398,21-Jan-18
T4053,2,NV6785,21-Jan-18,NV610,21-Jan-18
T4054,2,NV6785,21-Jan-18,NV610,21-Jan-18
T4055,2,NV6785,21-Jan-18,NV610,21-Jan-18
T4056,1,NV6785,21-Jan-18,NV694,21-Jan-18
T4057,1,NV6785,21-Jan-18,NV692,21-Jan-18
T4058,2,NV6785,21-Jan-18,NV342,21-Jan-18
T4059,2,NV6785,21-Jan-18,NV342,21-Jan-18
T4060,2,NV6785,21-Jan-18,NV6494,21-Jan-18
T4061,2,NV6785,21-Jan-18,NV674,21-Jan-18
T4062,2,NV6785,21-Jan-18,NV6198,21-Jan-18
T4063,2,NV6785,21-Jan-18,NV6198,21-Jan-18
T4064,2,NV6785,21-Jan-18,NV6198,21-Jan-18
T4065,1,NV6785,21-Jan-18,NV6198,21-Jan-18
T4066,2,NV6785,21-Jan-18,NV676,21-Jan-18
T4067,2,NV6785,21-Jan-18,NV676,21-Jan-18
T4068,2,NV6785,21-Jan-18,NV676,21-Jan-18
T4069,2,NV6785,21-Jan-18,NV676,21-Jan-18
T4070,2,NV6785,21-Jan-18,NV676,21-Jan-18
T4071,2,NV6785,21-Jan-18,NV676,21-Jan-18
T4072,2,NV6785,21-Jan-18,NV676,21-Jan-18
T4073,2,NV6785,21-Jan-18,NV676,21-Jan-18
T4074,1,NV6785,21-Jan-18,NV676,21-Jan-18
T4075,1,NV6785,21-Jan-18,NV3465,21-Jan-18
T4076,2,NV6535,21-Jan-18,NV640,21-Jan-18
T4077,2,NV6535,21-Jan-18,NV640,21-Jan-18
T4078,1,NV6535,21-Jan-18,NV640,21-Jan-18
T4079,2,NV6535,21-Jan-18,NV342,21-Jan-18
T4080,2,NV6535,21-Jan-18,NV690,21-Jan-18
T4081,2,NV6535,21-Jan-18,NV6198,21-Jan-18
T4082,2,NV6535,21-Jan-18,NV6198,21-Jan-18
T4083,1,NV6535,21-Jan-18,NV6198,21-Jan-18
T4084,2,NV841,21-Jan-18,NV610,21-Jan-18
T4085,2,NV841,21-Jan-18,NV610,21-Jan-18
T4086,1,NV841,21-Jan-18,GN0204,21-Jan-18
T4087,2,NV841,21-Jan-18,NV342,21-Jan-18
T4088,2,NV841,21-Jan-18,NV342,21-Jan-18
T4089,1,NV841,21-Jan-18,NV342,21-Jan-18
T4090,2,NV841,21-Jan-18,NV3703,21-Jan-18
T4091,2,NV841,21-Jan-18,NV3703,21-Jan-18
T4092,1,NV841,21-Jan-18,NV6718,21-Jan-18
T4093,2,NV841,21-Jan-18,NV6574,21-Jan-18
T4094,2,NV841,21-Jan-18,NV6574,21-Jan-18
T4095,2,NV841,21-Jan-18,NV6574,21-Jan-18
T4096,2,NV841,21-Jan-18,NV6574,21-Jan-18
T4097,2,NV841,21-Jan-18,NV6574,21-Jan-18
T4098,2,NV841,21-Jan-18,NV6574,21-Jan-18
T4099,2,NV841,21-Jan-18,NV6574,21-Jan-18
T4100,2,NV841,21-Jan-18,NV6574,21-Jan-18
T4101,2,NV841,21-Jan-18,NV6574,21-Jan-18
T4102,1,NV841,21-Jan-18,NV6574,21-Jan-18
T4103,1,NV841,21-Jan-18,NV3465,21-Jan-18
T4104,2,NV835,21-Jan-18,NV6722,21-Jan-18
T4105,2,NV835,21-Jan-18,NV6722,21-Jan-18
T4106,1,NV835,21-Jan-18,NV6722,21-Jan-18
T4107,2,NV835,21-Jan-18,NV6718,21-Jan-18
T4108,2,NV835,21-Jan-18,NV6718,21-Jan-18
T4109,2,NV835,21-Jan-18,NV6718,21-Jan-18
T4110,2,NV835,21-Jan-18,NV6718,21-Jan-18
T4111,2,NV835,21-Jan-18,NV6718,21-Jan-18
T4112,1,NV835,21-Jan-18,NV6718,21-Jan-18
T4113,1,NV835,21-Jan-18,NV6574,21-Jan-18
T4114,2,NV3264,21-Jan-18,NV6170,21-Jan-18
T4115,1,NV3264,21-Jan-18,NV6170,21-Jan-18
T4116,2,NV6749,21-Jan-18,NV6116,21-Jan-18
T4117,1,NV6749,21-Jan-18,NV6116,21-Jan-18
T4118,1,NV867,21-Jan-18,NV690,21-Jan-18
T4119,2,NV867,21-Jan-18,NV6198,21-Jan-18
T4120,1,NV867,21-Jan-18,NV6198,21-Jan-18
T4121,2,NV867,21-Jan-18,NV686,21-Jan-18
T4122,1,NV867,21-Jan-18,NV682,21-Jan-18
T4123,1,NV867,21-Jan-18,NV682,21-Jan-18
T4124,2,NV3703,21-Jan-18,NV6574,21-Jan-18
T4125,2,NV3703,21-Jan-18,NV6574,21-Jan-18
T4126,1,NV3703,21-Jan-18,NV6574,21-Jan-18
T4127,1,NV3703,21-Jan-18,NV383,21-Jan-18
T4128,1,NV3703,21-Jan-18,NV6374,21-Jan-18
T4129,2,NV3703,21-Jan-18,NV6742,21-Jan-18
T4130,2,NV3703,21-Jan-18,NV6742,21-Jan-18
T4131,2,NV3703,21-Jan-18,NV6742,21-Jan-18
T4132,2,NV3703,21-Jan-18,NV6742,21-Jan-18
T4133,1,NV3703,21-Jan-18,NV6742,21-Jan-18
T4134,1,NV674,21-Jan-18,NV6198,21-Jan-18
T4135,1,NV674,21-Jan-18,NV676,21-Jan-18
T4136,2,NV674,21-Jan-18,NV616,21-Jan-18
T4137,2,NV674,21-Jan-18,NV616,21-Jan-18
T4138,2,NV674,21-Jan-18,NV616,21-Jan-18
T4139,1,NV674,21-Jan-18,NV616,21-Jan-18
T4140,2,NV674,21-Jan-18,NV6170,21-Jan-18
T4141,2,NV674,21-Jan-18,NV6170,21-Jan-18
T4142,2,NV674,21-Jan-18,NV6170,21-Jan-18
T4143,1,NV3287,21-Jan-18,NV6170,21-Jan-18
T4144,2,NV6165,21-Jan-18,NV656,21-Jan-18
T4145,2,NV6165,21-Jan-18,NV656,21-Jan-18
T4146,2,NV6165,21-Jan-18,NV656,21-Jan-18
T4147,2,NV6165,21-Jan-18,NV656,21-Jan-18
T4148,2,NV6165,21-Jan-18,NV656,21-Jan-18
T4149,2,NV6165,21-Jan-18,NV656,21-Jan-18
T4150,2,NV6165,21-Jan-18,NV656,21-Jan-18
T4151,2,NV6165,21-Jan-18,NV656,21-Jan-18
T4152,2,NV6165,21-Jan-18,NV656,21-Jan-18
T4153,2,NV6165,21-Jan-18,NV656,21-Jan-18
T4154,2,NV6165,21-Jan-18,NV656,21-Jan-18
T4155,2,NV6165,21-Jan-18,NV656,21-Jan-18
T4156,2,NV6165,21-Jan-18,NV656,21-Jan-18
T4157,2,NV6165,21-Jan-18,NV656,21-Jan-18
T4158,1,NV6165,21-Jan-18,NV656,21-Jan-18
T4159,2,NV6165,21-Jan-18,NV6556,21-Jan-18
T4160,1,NV6165,21-Jan-18,NV629,21-Jan-18
T4161,2,NV3266,21-Jan-18,NV6116,21-Jan-18
T4162,2,NV3266,21-Jan-18,NV6116,21-Jan-18
T4163,1,NV3266,21-Jan-18,NV656,21-Jan-18
T4164,1,NV3266,21-Jan-18,NV382,21-Jan-18
T4165,2,NV3266,21-Jan-18,NV6170,21-Jan-18
T4166,1,NV3266,21-Jan-18,NV6170,21-Jan-18
T4167,1,NV6155,21-Jan-18,NV616,21-Jan-18
T4168,1,NV6155,21-Jan-18,NV6556,21-Jan-18
T4169,1,NV6155,21-Jan-18,NV629,21-Jan-18
T4170,2,NV6155,21-Jan-18,NV6462,21-Jan-18
T4171,1,NV6155,21-Jan-18,NV6170,21-Jan-18
T4172,2,NV6155,21-Jan-18,NV3273,21-Jan-18
T4173,2,NV6155,21-Jan-18,NV3273,21-Jan-18
T4174,2,NV6155,21-Jan-18,NV6149,21-Jan-18
T4175,1,NV6735,21-Jan-18,NV6318,21-Jan-18
T4176,2,NV6735,21-Jan-18,NV656,21-Jan-18
T4177,2,NV6735,21-Jan-18,NV616,21-Jan-18
T4178,2,NV6735,21-Jan-18,NV616,21-Jan-18
T4179,2,NV6735,21-Jan-18,NV616,21-Jan-18
T4180,2,NV6735,21-Jan-18,NV616,21-Jan-18
T4181,2,NV6735,21-Jan-18,NV616,21-Jan-18
T4182,2,NV6735,21-Jan-18,NV616,21-Jan-18
T4183,2,NV6735,21-Jan-18,NV6556,21-Jan-18
T4184,2,NV6735,21-Jan-18,NV0746,21-Jan-18
T4185,1,NV6735,21-Jan-18,NV6170,21-Jan-18
T4186,1,NV6735,21-Jan-18,NV302,21-Jan-18
T4187,2,NV6735,21-Jan-18,NV682,21-Jan-18
T4188,1,NV6735,21-Jan-18,NV682,21-Jan-18
T4189,2,NV6719,21-Jan-18,NV6116,21-Jan-18
T4190,1,NV6719,21-Jan-18,NV6116,21-Jan-18
T4191,2,NV6719,21-Jan-18,NV616,21-Jan-18
T4192,2,NV6719,21-Jan-18,NV616,21-Jan-18
T4193,2,NV6719,21-Jan-18,NV616,21-Jan-18
T4194,1,NV6719,21-Jan-18,NV6556,21-Jan-18
T4195,1,NV6719,21-Jan-18,NV629,21-Jan-18
T4196,1,NV6719,21-Jan-18,NV686,21-Jan-18
T4197,2,NV6719,21-Jan-18,NV624,21-Jan-18
T4198,2,NV6719,21-Jan-18,NV624,21-Jan-18
T4199,2,NV6719,21-Jan-18,NV624,21-Jan-18
T4200,1,NV6719,21-Jan-18,NV624,21-Jan-18
T4201,2,NV383,21-Jan-18,NV6574,21-Jan-18
T4202,1,NV383,21-Jan-18,NV6574,21-Jan-18
T4203,1,NV383,21-Jan-18,NV6374,21-Jan-18
T4204,1,NV383,21-Jan-18,NV616,21-Jan-18
T4205,2,NV383,21-Jan-18,NV6742,21-Jan-18
T4206,2,NV383,21-Jan-18,NV6742,21-Jan-18
T4207,2,NV383,21-Jan-18,NV6742,21-Jan-18
T4208,2,NV383,21-Jan-18,NV6742,21-Jan-18
T4209,1,NV383,21-Jan-18,NV6742,21-Jan-18
T4210,2,NV383,21-Jan-18,NV6556,21-Jan-18
T4211,1,NV383,21-Jan-18,NV6710,21-Jan-18
T4212,1,NV383,21-Jan-18,NV6149,21-Jan-18
T4213,2,NV6153,21-Jan-18,NV656,21-Jan-18
T4214,2,NV6153,21-Jan-18,NV656,21-Jan-18
T4215,2,NV6153,21-Jan-18,NV656,21-Jan-18
T4216,2,NV6153,21-Jan-18,NV656,21-Jan-18
T4217,2,NV6153,21-Jan-18,NV656,21-Jan-18
T4218,2,NV6153,21-Jan-18,NV6742,21-Jan-18
T4219,2,NV6153,21-Jan-18,NV6742,21-Jan-18
T4220,1,NV6153,21-Jan-18,NV6742,21-Jan-18
T4221,2,NV6153,21-Jan-18,NV0746,21-Jan-18
T4222,2,NV6153,21-Jan-18,NV0746,21-Jan-18
T4223,1,NV6153,21-Jan-18,NV629,21-Jan-18
T4224,2,NV6153,21-Jan-18,NV6170,21-Jan-18
T4225,2,NV6153,21-Jan-18,NV6710,21-Jan-18
T4226,2,NV6153,21-Jan-18,NV6149,21-Jan-18
T4227,2,NV6153,21-Jan-18,NV624,21-Jan-18
T4228,2,NV6575,21-Jan-18,NV616,21-Jan-18
T4229,2,NV6575,21-Jan-18,NV616,21-Jan-18
T4230,1,NV6575,21-Jan-18,NV302,21-Jan-18
T4231,2,NV6575,21-Jan-18,NV6162,21-Jan-18
T4232,2,NV6221,21-Jan-18,NV624,21-Jan-18
T4233,2,NV3654,21-Jan-18,NV382,21-Jan-18
T4234,1,NV3654,21-Jan-18,NV382,21-Jan-18
T4235,2,NV3654,21-Jan-18,NV6170,21-Jan-18
T4236,2,NV3654,21-Jan-18,NV302,21-Jan-18
T4237,2,NV3654,21-Jan-18,NV302,21-Jan-18
T4238,2,NV3654,21-Jan-18,NV302,21-Jan-18
T4239,2,NV3654,21-Jan-18,NV302,21-Jan-18
T4240,1,NV3654,21-Jan-18,NV6162,21-Jan-18
T4241,1,NV3654,21-Jan-18,NV3702,21-Jan-18
T4242,2,NV3654,21-Jan-18,NV642,21-Jan-18
T4243,2,NV3654,21-Jan-18,NV830,21-Jan-18
T4244,1,NV3654,21-Jan-18,NV830,21-Jan-18
T4245,1,NV6171,21-Jan-18,NV6374,21-Jan-18
T4246,2,NV6171,21-Jan-18,NV616,21-Jan-18
T4247,2,NV6171,21-Jan-18,NV6742,21-Jan-18
T4248,2,NV6171,21-Jan-18,NV6742,21-Jan-18
T4249,1,NV6171,21-Jan-18,NV6556,21-Jan-18
T4250,2,NV6171,21-Jan-18,NV629,21-Jan-18
T4251,1,NV6171,21-Jan-18,NV6462,21-Jan-18
T4252,2,NV6171,21-Jan-18,NV6710,21-Jan-18
T4253,2,NV6171,21-Jan-18,NV6710,21-Jan-18
T4254,2,NV6171,21-Jan-18,NV6149,21-Jan-18
T4255,2,NV6171,21-Jan-18,NV6149,21-Jan-18
T4256,2,NV6171,21-Jan-18,NV6149,21-Jan-18
T4257,2,NV6171,21-Jan-18,NV3277,21-Jan-18
T4258,2,NV681,21-Jan-18,NV6318,21-Jan-18
T4259,1,NV681,21-Jan-18,NV6318,21-Jan-18
T4260,1,NV656,21-Jan-18,NV6170,21-Jan-18
T4261,2,NV656,21-Jan-18,NV642,21-Jan-18
T4262,2,NV613,21-Jan-18,NV6736,21-Jan-18
T4263,1,NV613,21-Jan-18,NV302,21-Jan-18
T4264,1,NV613,21-Jan-18,NV682,21-Jan-18
T4265,2,NV613,21-Jan-18,NV6710,21-Jan-18
T4266,2,NV337,21-Jan-18,NV6736,21-Jan-18
T4267,1,NV337,21-Jan-18,NV629,21-Jan-18
T4268,2,NV337,21-Jan-18,NV3273,21-Jan-18
T4269,1,NV337,21-Jan-18,NV6710,21-Jan-18
T4270,2,NV6711,21-Jan-18,NV382,21-Jan-18
T4271,2,NV6711,21-Jan-18,NV6170,21-Jan-18
T4272,1,NV6711,21-Jan-18,NV686,21-Jan-18
T4273,2,NV6711,21-Jan-18,NV302,21-Jan-18
T4274,2,NV6711,21-Jan-18,NV682,21-Jan-18
T4275,2,NV6711,21-Jan-18,NV6162,21-Jan-18
T4276,1,NV6711,21-Jan-18,NV6162,21-Jan-18
T4277,1,NV6711,21-Jan-18,NV638,21-Jan-18
T4278,2,NV6711,21-Jan-18,NV304,21-Jan-18
T4279,2,NV6711,21-Jan-18,NV3702,21-Jan-18
T4280,2,NV6711,21-Jan-18,NV642,21-Jan-18
T4281,2,GN0423,21-Jan-18,NV830,21-Jan-18
T4282,2,NV629,21-Jan-18,NV616,21-Jan-18
T4283,2,NV629,21-Jan-18,NV616,21-Jan-18
T4284,1,NV629,21-Jan-18,NV616,21-Jan-18
T4285,1,NV629,21-Jan-18,NV3273,21-Jan-18
T4286,1,NV629,21-Jan-18,NV6710,21-Jan-18
T4287,1,NV629,21-Jan-18,NV834,21-Jan-18
T4288,1,NV629,21-Jan-18,NV308,21-Jan-18
T4289,2,NV382,21-Jan-18,NV6170,21-Jan-18
T4290,2,NV382,21-Jan-18,NV682,21-Jan-18
T4291,1,NV382,21-Jan-18,NV682,21-Jan-18
T4292,2,NV382,21-Jan-18,NV304,21-Jan-18
T4293,1,NV382,21-Jan-18,NV834,21-Jan-18
T4294,2,NV382,21-Jan-18,NV308,21-Jan-18
T4295,2,NV382,21-Jan-18,NV308,21-Jan-18
T4296,2,NV382,21-Jan-18,NV308,21-Jan-18
T4297,2,NV382,21-Jan-18,NV308,21-Jan-18
T4298,1,NV6203,21-Jan-18,NV638,21-Jan-18
T4299,1,NV6453,21-Jan-18,NV3702,21-Jan-18
T4300,1,NV6453,21-Jan-18,NV642,21-Jan-18
T4301,2,NV6453,21-Jan-18,NV830,21-Jan-18
T4302,1,NV6453,21-Jan-18,NV830,21-Jan-18
T4303,1,NV6453,21-Jan-18,NV308,21-Jan-18
T4304,2,NV657,21-Jan-18,NV6162,21-Jan-18
T4305,2,NV657,21-Jan-18,NV6162,21-Jan-18
T4306,2,NV657,21-Jan-18,NV6162,21-Jan-18
T4307,2,NV657,21-Jan-18,NV6162,21-Jan-18
T4308,1,NV657,21-Jan-18,NV6162,21-Jan-18
T4309,2,NV657,21-Jan-18,NV6710,21-Jan-18
T4310,1,NV657,21-Jan-18,NV642,21-Jan-18
T4311,1,NV657,21-Jan-18,NV830,21-Jan-18
T4312,2,NV657,21-Jan-18,NV308,21-Jan-18
T4313,2,NV657,21-Jan-18,NV308,21-Jan-18
T4314,2,NV657,21-Jan-18,NV308,21-Jan-18
T4315,1,NV657,21-Jan-18,NV308,21-Jan-18
T4316,1,NV6777,21-Jan-18,NV308,21-Jan-18
T4317,1,NV641,21-Jan-18,NV6462,21-Jan-18
T4318,2,NV641,21-Jan-18,NV6710,21-Jan-18
T4319,1,NV641,21-Jan-18,NV6710,21-Jan-18
T4320,1,NV641,21-Jan-18,NV6149,21-Jan-18
T4321,1,NV641,21-Jan-18,NV3631,21-Jan-18
T4322,1,NV641,21-Jan-18,NV3410,21-Jan-18
T4323,2,NV6537,21-Jan-18,NV638,21-Jan-18
T4324,1,NV6537,21-Jan-18,NV3702,21-Jan-18
T4325,2,NV6537,21-Jan-18,NV642,21-Jan-18
T4326,1,NV6537,21-Jan-18,NV830,21-Jan-18
T4327,1,NV669,21-Jan-18,NV3277,21-Jan-18
T4328,1,NV6173,21-Jan-18,NV308,21-Jan-18
T4329,1,NV6173,21-Jan-18,NV860,21-Jan-18
T4330,2,NV6173,21-Jan-18,NV658,21-Jan-18
T4331,1,NV6173,21-Jan-18,NV658,21-Jan-18
T4332,2,NV302,21-Jan-18,NV3702,21-Jan-18
T4333,2,NV302,21-Jan-18,NV3702,21-Jan-18
T4334,2,NV302,21-Jan-18,NV642,21-Jan-18
T4335,2,NV302,21-Jan-18,NV308,21-Jan-18
T4336,2,NV302,21-Jan-18,NV860,21-Jan-18
T4337,2,NV627,21-Jan-18,NV3277,21-Jan-18
T4338,2,NV627,21-Jan-18,NV860,21-Jan-18
T4339,1,NV627,21-Jan-18,NV860,21-Jan-18
T4340,2,NV6715,21-Jan-18,NV642,21-Jan-18
T4341,2,NV6715,21-Jan-18,NV642,21-Jan-18
T4342,2,NV6715,21-Jan-18,NV834,21-Jan-18
T4343,1,NV6715,21-Jan-18,NV834,21-Jan-18
T4344,2,NV6715,21-Jan-18,NV624,21-Jan-18
T4345,2,NV6715,21-Jan-18,NV624,21-Jan-18
T4346,2,NV6715,21-Jan-18,NV624,21-Jan-18
T4347,2,NV6715,21-Jan-18,NV624,21-Jan-18
T4348,2,NV6715,21-Jan-18,NV624,21-Jan-18
T4349,2,NV6715,21-Jan-18,NV624,21-Jan-18
T4350,1,NV6715,21-Jan-18,NV624,21-Jan-18
T4351,1,NV6715,21-Jan-18,NV308,21-Jan-18
T4352,2,NV6715,21-Jan-18,NV860,21-Jan-18
T4353,2,NV6715,21-Jan-18,NV860,21-Jan-18
T4354,2,NV6715,21-Jan-18,NV860,21-Jan-18
T4355,2,NV6715,21-Jan-18,NV688,21-Jan-18
T4356,2,NV6715,21-Jan-18,NV688,21-Jan-18
T4357,2,NV6715,21-Jan-18,NV688,21-Jan-18
T4358,1,NV6715,21-Jan-18,NV688,21-Jan-18
T4359,1,NV3515,21-Jan-18,NV688,21-Jan-18
T4360,1,NV3260,21-Jan-18,NV848,21-Jan-18
T4361,1,NV3260,21-Jan-18,NV308,21-Jan-18
T4362,1,NV3260,21-Jan-18,NV688,21-Jan-18
T4363,1,NV6149,21-Jan-18,NV3277,21-Jan-18
T4364,2,NV6149,21-Jan-18,NV831,21-Jan-18
T4365,1,NV6149,21-Jan-18,NV3131,21-Jan-18
T4366,1,NV6149,21-Jan-18,NV848,21-Jan-18
T4367,1,NV6149,21-Jan-18,NV860,21-Jan-18
T4368,2,NV6149,21-Jan-18,NV6720,21-Jan-18
T4369,1,NV6149,21-Jan-18,NV6720,21-Jan-18
T4370,1,NV6149,21-Jan-18,NV688,21-Jan-18
T4371,2,NV6377,21-Jan-18,NV848,21-Jan-18
T4372,2,NV3197,21-Jan-18,NV3631,21-Jan-18
T4373,1,NV3197,21-Jan-18,NV3631,21-Jan-18
T4374,1,NV3197,21-Jan-18,NV848,21-Jan-18
T4375,2,NV3197,21-Jan-18,NV6784,21-Jan-18
T4376,2,NV3197,21-Jan-18,NV6784,21-Jan-18
T4377,2,NV3197,21-Jan-18,NV6784,21-Jan-18
T4378,1,NV3197,21-Jan-18,NV6784,21-Jan-18
T4379,1,NV3702,21-Jan-18,NV642,21-Jan-18
T4380,1,NV3702,21-Jan-18,NV308,21-Jan-18
T4381,2,NV3702,21-Jan-18,NV860,21-Jan-18
T4382,2,NV3702,21-Jan-18,NV688,21-Jan-18
T4383,1,NV3702,21-Jan-18,NV688,21-Jan-18
T4384,1,NV304,21-Jan-18,NV642,21-Jan-18
T4385,1,NV304,21-Jan-18,NV308,21-Jan-18
T4386,1,NV304,21-Jan-18,NV688,21-Jan-18
T4387,1,NV635,21-Jan-18,NV3277,21-Jan-18
T4388,2,NV635,21-Jan-18,NV834,21-Jan-18
T4389,2,NV635,21-Jan-18,NV834,21-Jan-18
T4390,2,NV635,21-Jan-18,NV624,21-Jan-18
T4391,2,NV635,21-Jan-18,NV624,21-Jan-18
T4392,1,NV635,21-Jan-18,NV3787,21-Jan-18
T4393,2,NV635,21-Jan-18,NV3131,21-Jan-18
T4394,1,NV635,21-Jan-18,NV6312,21-Jan-18
T4395,2,NV635,21-Jan-18,NV859,21-Jan-18
T4396,1,NV6631,21-Jan-18,NV688,21-Jan-18
T4397,2,NV391,21-Jan-18,NV3631,21-Jan-18
T4398,2,NV6417,21-Jan-18,NV688,21-Jan-18
T4399,2,NV6417,21-Jan-18,NV688,21-Jan-18
T4400,1,NV6417,21-Jan-18,NV688,21-Jan-18
T4401,1,NV6781,21-Jan-18,NV624,21-Jan-18
T4402,1,NV6781,21-Jan-18,NV308,21-Jan-18
T4403,2,NV6781,21-Jan-18,NV860,21-Jan-18
T4404,2,NV6781,21-Jan-18,NV672,21-Jan-18
T4405,2,NV6781,21-Jan-18,NV826,21-Jan-18
T4406,1,NV6781,21-Jan-18,NV826,21-Jan-18
T4407,2,NV6119,21-Jan-18,NV3631,21-Jan-18
T4408,2,NV6119,21-Jan-18,NV3410,21-Jan-18
T4409,2,NV6119,21-Jan-18,NV3131,21-Jan-18
T4410,2,NV6119,21-Jan-18,NV6784,21-Jan-18
T4411,2,NV6119,21-Jan-18,NV6720,21-Jan-18
T4412,2,NV6119,21-Jan-18,NV6720,21-Jan-18
T4413,2,NV6119,21-Jan-18,NV6720,21-Jan-18
T4414,2,NV6119,21-Jan-18,NV6720,21-Jan-18
T4415,2,NV6119,21-Jan-18,NV6720,21-Jan-18
T4416,2,NV6119,21-Jan-18,NV6720,21-Jan-18
T4417,2,NV6119,21-Jan-18,NV6720,21-Jan-18
T4418,2,NV6119,21-Jan-18,NV6720,21-Jan-18
T4419,2,NV6119,21-Jan-18,NV6720,21-Jan-18
T4420,2,NV6119,21-Jan-18,NV6720,21-Jan-18
T4421,2,NV6119,21-Jan-18,NV6720,21-Jan-18
T4422,2,NV6119,21-Jan-18,NV6720,21-Jan-18
T4423,2,NV6119,21-Jan-18,NV6720,21-Jan-18
T4424,2,NV6119,21-Jan-18,NV6720,21-Jan-18
T4425,2,NV6119,21-Jan-18,NV6720,21-Jan-18
T4426,2,NV6119,21-Jan-18,NV6720,21-Jan-18
T4427,2,NV6119,21-Jan-18,NV6720,21-Jan-18
T4428,2,NV6119,21-Jan-18,NV6720,21-Jan-18
T4429,2,NV6119,21-Jan-18,NV6720,21-Jan-18
T4430,2,NV6119,21-Jan-18,NV6720,21-Jan-18
T4431,1,NV6119,21-Jan-18,NV6720,21-Jan-18
T4432,2,NV6119,21-Jan-18,NV688,21-Jan-18
T4433,2,NV6119,21-Jan-18,NV633,21-Jan-18
T4434,2,NV6119,21-Jan-18,NV633,21-Jan-18
T4435,2,NV6119,21-Jan-18,NV633,21-Jan-18
T4436,1,NV6119,21-Jan-18,NV633,21-Jan-18
T4437,1,NV6119,21-Jan-18,NV6544,21-Jan-18
T4438,1,NV6759,21-Jan-18,NV826,21-Jan-18
T4439,1,NV6145,21-Jan-18,NV3631,21-Jan-18
T4440,1,NV6145,21-Jan-18,NV848,21-Jan-18
T4441,2,NV6145,21-Jan-18,NV308,21-Jan-18
T4442,2,NV6145,21-Jan-18,NV308,21-Jan-18
T4443,2,NV6145,21-Jan-18,NV308,21-Jan-18
T4444,2,NV6145,21-Jan-18,NV308,21-Jan-18
T4445,2,NV6145,21-Jan-18,NV308,21-Jan-18
T4446,2,NV6145,21-Jan-18,NV308,21-Jan-18
T4447,2,NV6145,21-Jan-18,NV308,21-Jan-18
T4448,2,NV6145,21-Jan-18,NV308,21-Jan-18
T4449,2,NV6145,21-Jan-18,NV308,21-Jan-18
T4450,2,NV6145,21-Jan-18,NV860,21-Jan-18
T4451,2,NV6145,21-Jan-18,NV860,21-Jan-18
T4452,2,NV6145,21-Jan-18,NV860,21-Jan-18
T4453,2,NV6145,21-Jan-18,NV860,21-Jan-18
T4454,2,NV6145,21-Jan-18,NV860,21-Jan-18
T4455,2,NV6145,21-Jan-18,NV860,21-Jan-18
T4456,2,NV6145,21-Jan-18,NV860,21-Jan-18
T4457,2,NV6145,21-Jan-18,NV860,21-Jan-18
T4458,2,NV6145,21-Jan-18,NV860,21-Jan-18
T4459,2,NV6145,21-Jan-18,NV860,21-Jan-18
T4460,2,NV6145,21-Jan-18,NV860,21-Jan-18
T4461,2,NV6145,21-Jan-18,NV860,21-Jan-18
T4462,1,NV6145,21-Jan-18,NV860,21-Jan-18
T4463,1,NV6145,21-Jan-18,NV672,21-Jan-18
T4464,2,NV6145,21-Jan-18,NV658,21-Jan-18
T4465,2,NV6145,21-Jan-18,NV658,21-Jan-18
T4466,2,NV6145,21-Jan-18,NV658,21-Jan-18
T4467,2,NV6145,21-Jan-18,NV658,21-Jan-18
T4468,2,NV6145,21-Jan-18,NV658,21-Jan-18
T4469,2,NV6145,21-Jan-18,NV658,21-Jan-18
T4470,2,NV6145,21-Jan-18,NV658,21-Jan-18
T4471,2,NV6145,21-Jan-18,NV658,21-Jan-18
T4472,2,NV6145,21-Jan-18,NV658,21-Jan-18
T4473,2,NV6145,21-Jan-18,NV658,21-Jan-18
T4474,2,NV6145,21-Jan-18,NV688,21-Jan-18
T4475,2,NV6145,21-Jan-18,NV688,21-Jan-18
T4476,2,NV6145,21-Jan-18,NV688,21-Jan-18
T4477,1,NV6145,21-Jan-18,NV688,21-Jan-18
T4478,2,NV6145,21-Jan-18,NV6544,21-Jan-18
T4479,2,NV6145,21-Jan-18,NV826,21-Jan-18
T4480,1,NV619,21-Jan-18,NV6784,21-Jan-18
T4481,2,NV619,21-Jan-18,NV308,21-Jan-18
T4482,1,NV619,21-Jan-18,NV6720,21-Jan-18
T4483,1,NV619,21-Jan-18,NV6325,21-Jan-18
T4484,2,NV619,21-Jan-18,NV688,21-Jan-18
T4485,2,NV619,21-Jan-18,NV6714,21-Jan-18
T4486,1,NV601,21-Jan-18,NV392,21-Jan-18
T4487,1,NV6489,21-Jan-18,NV308,21-Jan-18
T4488,1,NV6489,21-Jan-18,NV688,21-Jan-18
T4489,2,NV3131,21-Jan-18,NV859,21-Jan-18
T4490,2,NV3131,21-Jan-18,NV859,21-Jan-18
T4491,2,NV3131,21-Jan-18,NV859,21-Jan-18
T4492,2,NV3131,21-Jan-18,NV859,21-Jan-18
T4493,2,NV3131,21-Jan-18,NV859,21-Jan-18
T4494,2,NV3131,21-Jan-18,NV859,21-Jan-18
T4495,2,NV3131,21-Jan-18,NV859,21-Jan-18
T4496,2,NV3131,21-Jan-18,NV859,21-Jan-18
T4497,2,NV3131,21-Jan-18,NV859,21-Jan-18
T4498,2,NV3131,21-Jan-18,NV859,21-Jan-18
T4499,2,NV3131,21-Jan-18,NV859,21-Jan-18
T4500,1,NV3131,21-Jan-18,NV859,21-Jan-18
T4501,2,NV3131,21-Jan-18,NV6544,21-Jan-18
T4502,1,NV3131,21-Jan-18,NV836,21-Jan-18
T4503,1,NV3131,21-Jan-18,NV6472,21-Jan-18
T4504,2,NV3131,21-Jan-18,NV699,21-Jan-18
T4505,1,NV3131,21-Jan-18,NV699,21-Jan-18
T4506,1,NV831,21-Jan-18,NV860,21-Jan-18
T4507,1,NV831,21-Jan-18,NV688,21-Jan-18
T4508,2,NV831,21-Jan-18,NV6544,21-Jan-18
T4509,1,NV831,21-Jan-18,NV836,21-Jan-18
T4510,2,NV831,21-Jan-18,NV6578,21-Jan-18
T4511,1,NV831,21-Jan-18,NV6578,21-Jan-18
T4512,1,NV831,21-Jan-18,NV699,21-Jan-18
T4513,2,NV615,21-Jan-18,NV6720,21-Jan-18
T4514,1,NV615,21-Jan-18,NV6325,21-Jan-18
T4515,2,NV615,21-Jan-18,NV6578,21-Jan-18
T4516,2,NV615,21-Jan-18,NV6632,21-Jan-18
T4517,2,NV615,21-Jan-18,NV6632,21-Jan-18
T4518,1,NV6525,21-Jan-18,NV308,21-Jan-18
T4519,1,NV6525,21-Jan-18,NV672,21-Jan-18
T4520,1,NV6525,21-Jan-18,NV688,21-Jan-18
T4521,2,NV6739,21-Jan-18,NV6486,21-Jan-18
T4522,1,NV6739,21-Jan-18,NV6486,21-Jan-18
T4523,2,NV6739,21-Jan-18,NV688,21-Jan-18
T4524,1,NV6739,21-Jan-18,NV688,21-Jan-18
T4525,2,NV6739,21-Jan-18,NV654,21-Jan-18
T4526,2,NV399,21-Jan-18,NV688,21-Jan-18
T4527,2,NV399,21-Jan-18,NV6297,21-Jan-18
T4528,2,NV399,21-Jan-18,NV6297,21-Jan-18
T4529,1,NV399,21-Jan-18,NV6772,21-Jan-18
T4530,1,NV6663,21-Jan-18,NV3655,21-Jan-18
T4531,1,NV6663,21-Jan-18,NV826,21-Jan-18
T4532,2,NV6663,21-Jan-18,NV392,21-Jan-18
T4533,1,NV6663,21-Jan-18,NV654,21-Jan-18
T4534,1,NV859,21-Jan-18,NV6312,21-Jan-18
T4535,2,NV859,21-Jan-18,NV6297,21-Jan-18
T4536,2,NV859,21-Jan-18,NV6297,21-Jan-18
T4537,2,NV859,21-Jan-18,NV6472,21-Jan-18
T4538,2,NV859,21-Jan-18,NV6478,21-Jan-18
T4539,1,NV859,21-Jan-18,NV392,21-Jan-18
T4540,2,NV859,21-Jan-18,NV6642,21-Jan-18
T4541,1,NV859,21-Jan-18,NV6642,21-Jan-18
T4542,1,NV859,21-Jan-18,NV6811,21-Jan-18
T4543,2,NV859,21-Jan-18,NV3993,21-Jan-18
T4544,1,NV859,21-Jan-18,NV3993,21-Jan-18
T4545,1,GN0641,21-Jan-18,NV664,22-Jan-18
T4546,1,NV3119,21-Jan-18,NV6720,21-Jan-18
T4547,2,NV3119,21-Jan-18,NV6632,21-Jan-18
T4548,1,NV3119,21-Jan-18,NV6652,21-Jan-18
T4549,1,NV3119,21-Jan-18,NV664,22-Jan-18
T4550,1,NV6231,21-Jan-18,NV664,22-Jan-18
T4551,2,NV6714,21-Jan-18,NV6632,21-Jan-18
T4552,2,NV6714,21-Jan-18,NV6632,21-Jan-18
T4553,1,NV6714,21-Jan-18,NV6632,21-Jan-18
T4554,1,NV6714,21-Jan-18,NV6811,21-Jan-18
T4555,2,NV6714,21-Jan-18,NV6652,21-Jan-18
T4556,1,NV6199,21-Jan-18,NV6297,21-Jan-18
T4557,2,NV6199,21-Jan-18,NV3655,21-Jan-18
T4558,1,NV6199,21-Jan-18,NV392,21-Jan-18
T4559,1,NV6199,21-Jan-18,NV6642,21-Jan-18
T4560,1,NV6199,21-Jan-18,NV6811,21-Jan-18
T4561,2,NV6199,21-Jan-18,NV840,22-Jan-18
T4562,2,NV6199,21-Jan-18,NV840,22-Jan-18
T4563,1,NV673,21-Jan-18,NV6325,21-Jan-18
T4564,2,NV673,21-Jan-18,NV688,21-Jan-18
T4565,1,NV673,21-Jan-18,NV633,21-Jan-18
T4566,1,NV673,21-Jan-18,NV6544,21-Jan-18
T4567,2,NV673,21-Jan-18,NV836,21-Jan-18
T4568,1,NV673,21-Jan-18,NV836,21-Jan-18
T4569,2,NV673,21-Jan-18,NV6472,21-Jan-18
T4570,2,NV673,21-Jan-18,NV6714,21-Jan-18
T4571,2,NV673,21-Jan-18,NV6714,21-Jan-18
T4572,1,NV673,21-Jan-18,NV6714,21-Jan-18
T4573,2,NV673,21-Jan-18,NV6528,21-Jan-18
T4574,2,NV673,21-Jan-18,NV6528,21-Jan-18
T4575,1,NV673,21-Jan-18,NV6578,21-Jan-18
T4576,1,NV673,21-Jan-18,NV699,21-Jan-18
T4577,2,NV673,21-Jan-18,NV6632,21-Jan-18
T4578,1,NV673,21-Jan-18,NV6811,21-Jan-18
T4579,1,NV673,21-Jan-18,NV6652,21-Jan-18
T4580,2,NV673,21-Jan-18,NV3993,21-Jan-18
T4581,2,NV673,21-Jan-18,NV664,22-Jan-18
T4582,2,NV673,21-Jan-18,NV664,22-Jan-18
T4583,2,NV673,21-Jan-18,NV664,22-Jan-18
T4584,2,NV673,21-Jan-18,NV664,22-Jan-18
T4585,2,NV673,21-Jan-18,NV320,22-Jan-18
T4586,2,NV673,21-Jan-18,NV882,22-Jan-18
T4587,2,NV673,21-Jan-18,NV882,22-Jan-18
T4588,2,NV633,21-Jan-18,NV6472,21-Jan-18
T4589,1,NV633,21-Jan-18,NV6472,21-Jan-18
T4590,2,NV633,21-Jan-18,NV6714,21-Jan-18
T4591,2,NV633,21-Jan-18,NV6478,21-Jan-18
T4592,2,NV633,21-Jan-18,NV6478,21-Jan-18
T4593,2,NV633,21-Jan-18,NV6478,21-Jan-18
T4594,2,NV633,21-Jan-18,NV6642,21-Jan-18
T4595,2,NV633,21-Jan-18,NV6652,21-Jan-18
T4596,2,NV633,21-Jan-18,NV6652,21-Jan-18
T4597,2,NV633,21-Jan-18,NV846,22-Jan-18
T4598,2,NV633,21-Jan-18,NV846,22-Jan-18
T4599,2,NV633,21-Jan-18,NV846,22-Jan-18
T4600,2,NV633,21-Jan-18,NV840,22-Jan-18
T4601,2,NV633,21-Jan-18,NV840,22-Jan-18
T4602,1,NV633,21-Jan-18,NV840,22-Jan-18
T4603,2,NV849,21-Jan-18,NV6297,21-Jan-18
T4604,2,NV849,21-Jan-18,NV6297,21-Jan-18
T4605,2,NV849,21-Jan-18,NV6297,21-Jan-18
T4606,1,NV849,21-Jan-18,NV6297,21-Jan-18
T4607,1,NV849,21-Jan-18,NV6472,21-Jan-18
T4608,1,NV849,21-Jan-18,NV6714,21-Jan-18
T4609,1,NV849,21-Jan-18,NV3655,21-Jan-18
T4610,1,NV849,21-Jan-18,NV6528,21-Jan-18
T4611,2,NV849,21-Jan-18,NV6578,21-Jan-18
T4612,2,NV849,21-Jan-18,NV6578,21-Jan-18
T4613,2,NV849,21-Jan-18,NV699,21-Jan-18
T4614,2,NV849,21-Jan-18,NV699,21-Jan-18
T4615,1,NV849,21-Jan-18,NV6652,21-Jan-18
T4616,2,NV849,21-Jan-18,NV664,22-Jan-18
T4617,1,NV849,21-Jan-18,NV320,22-Jan-18
T4618,2,NV849,21-Jan-18,NV882,22-Jan-18
T4619,2,NV3622,21-Jan-18,NV664,22-Jan-18
T4620,2,NV3622,21-Jan-18,NV664,22-Jan-18
T4621,1,NV3622,21-Jan-18,NV664,22-Jan-18
T4622,1,NV3622,21-Jan-18,NV320,22-Jan-18
T4623,1,NV3622,21-Jan-18,NV882,22-Jan-18
T4624,2,NV3622,21-Jan-18,NV840,22-Jan-18
T4625,1,NV3622,21-Jan-18,NV840,22-Jan-18
T4626,2,NV6753,21-Jan-18,NV6642,21-Jan-18
T4627,1,NV6753,21-Jan-18,NV6642,21-Jan-18
T4628,1,NV6753,21-Jan-18,NV664,22-Jan-18
T4629,2,NV6324,21-Jan-18,NV846,22-Jan-18
T4630,1,NV6324,21-Jan-18,NV880,22-Jan-18
T4631,2,NV6463,21-Jan-18,NV846,22-Jan-18
T4632,1,NV6527,21-Jan-18,NV846,22-Jan-18
T4633,2,NV6527,21-Jan-18,NV840,22-Jan-18
T4634,1,NV827,21-Jan-18,NV3655,21-Jan-18
T4635,1,NV827,21-Jan-18,NV6478,21-Jan-18
T4636,1,NV827,21-Jan-18,NV6772,21-Jan-18
T4637,2,NV827,21-Jan-18,NV6632,21-Jan-18
T4638,2,NV827,21-Jan-18,NV6632,21-Jan-18
T4639,1,NV827,21-Jan-18,NV6642,21-Jan-18
T4640,2,NV827,21-Jan-18,NV6652,21-Jan-18
T4641,1,NV827,21-Jan-18,NV6652,21-Jan-18
T4642,2,NV827,21-Jan-18,NV3993,21-Jan-18
T4643,2,NV827,21-Jan-18,NV3993,21-Jan-18
T4644,1,NV827,21-Jan-18,NV3993,21-Jan-18
T4645,2,NV827,21-Jan-18,NV664,22-Jan-18
T4646,1,NV827,21-Jan-18,NV664,22-Jan-18
T4647,1,NV827,21-Jan-18,NV320,22-Jan-18
T4648,2,NV827,21-Jan-18,NV882,22-Jan-18
T4649,1,NV827,21-Jan-18,NV882,22-Jan-18
T4650,1,GN0205,21-Jan-18,NV664,22-Jan-18
T4651,1,GN0261,21-Jan-18,NV880,22-Jan-18
T4652,2,NV621,21-Jan-18,NV6772,21-Jan-18
T4653,1,NV621,21-Jan-18,NV6772,21-Jan-18
T4654,2,NV621,21-Jan-18,NV6632,21-Jan-18
T4655,2,NV621,21-Jan-18,NV664,22-Jan-18
T4656,2,NV621,21-Jan-18,NV664,22-Jan-18
T4657,1,NV621,21-Jan-18,NV664,22-Jan-18
T4658,1,NV6317,21-Jan-18,NV846,22-Jan-18
T4659,2,NV6551,21-Jan-18,NV392,21-Jan-18
T4660,1,NV6551,21-Jan-18,NV392,21-Jan-18
T4661,1,NV6551,21-Jan-18,NV6811,21-Jan-18
T4662,1,NV6551,21-Jan-18,NV664,22-Jan-18
T4663,1,NV6551,21-Jan-18,NV846,22-Jan-18
T4664,1,NV6551,21-Jan-18,NV880,22-Jan-18
T4665,1,NV6725,21-Jan-18,NV840,22-Jan-18
T4666,1,NV6725,21-Jan-18,NV880,22-Jan-18
T4667,2,NV317,21-Jan-18,NV6652,21-Jan-18
T4668,1,NV317,21-Jan-18,NV664,22-Jan-18
T4669,2,NV317,21-Jan-18,NV882,22-Jan-18
T4670,2,NV3278,21-Jan-18,NV664,22-Jan-18
T4671,2,NV3278,21-Jan-18,NV664,22-Jan-18
T4672,2,NV3278,21-Jan-18,NV664,22-Jan-18
T4673,2,NV3278,21-Jan-18,NV664,22-Jan-18
T4674,2,NV3278,21-Jan-18,NV664,22-Jan-18
T4675,2,NV3278,21-Jan-18,NV664,22-Jan-18
T4676,2,NV3278,21-Jan-18,NV664,22-Jan-18
T4677,2,NV3278,21-Jan-18,NV664,22-Jan-18
T4678,2,NV3278,21-Jan-18,NV664,22-Jan-18
T4679,2,NV3278,21-Jan-18,NV664,22-Jan-18
T4680,2,NV3278,21-Jan-18,NV664,22-Jan-18
T4681,2,NV3278,21-Jan-18,NV664,22-Jan-18
T4682,2,NV3278,21-Jan-18,NV664,22-Jan-18
T4683,2,NV3278,21-Jan-18,NV664,22-Jan-18
T4684,2,NV3278,21-Jan-18,NV664,22-Jan-18
T4685,2,NV3278,21-Jan-18,NV664,22-Jan-18
T4686,2,NV3278,21-Jan-18,NV664,22-Jan-18
T4687,1,NV3278,21-Jan-18,NV664,22-Jan-18
T4688,1,NV3278,21-Jan-18,NV320,22-Jan-18
T4689,1,NV3278,21-Jan-18,NV882,22-Jan-18
T4690,1,NV3278,21-Jan-18,NV880,22-Jan-18
T4691,2,NV6117,21-Jan-18,NV6772,21-Jan-18
T4692,2,NV6117,21-Jan-18,NV6772,21-Jan-18
T4693,2,NV6117,21-Jan-18,NV6772,21-Jan-18
T4694,2,NV6117,21-Jan-18,NV6772,21-Jan-18
T4695,2,NV6117,21-Jan-18,NV6772,21-Jan-18
T4696,2,NV6117,21-Jan-18,NV6642,21-Jan-18
T4697,2,NV6117,21-Jan-18,NV6642,21-Jan-18
T4698,1,NV6117,21-Jan-18,NV6811,21-Jan-18
T4699,2,NV6117,21-Jan-18,NV3993,21-Jan-18
T4700,2,NV6117,21-Jan-18,NV664,22-Jan-18
T4701,2,NV6117,21-Jan-18,NV664,22-Jan-18
T4702,2,NV6117,21-Jan-18,NV664,22-Jan-18
T4703,2,NV6117,21-Jan-18,NV664,22-Jan-18
T4704,2,NV6117,21-Jan-18,NV320,22-Jan-18
T4705,2,NV6117,21-Jan-18,NV320,22-Jan-18
T4706,2,NV6117,21-Jan-18,NV320,22-Jan-18
T4707,2,NV6117,21-Jan-18,NV882,22-Jan-18
T4708,1,NV6117,21-Jan-18,NV840,22-Jan-18
T4709,2,NV6772,21-Jan-18,NV664,22-Jan-18
T4710,2,NV6772,21-Jan-18,NV664,22-Jan-18
T4711,2,NV6772,21-Jan-18,NV664,22-Jan-18
T4712,2,NV6772,21-Jan-18,NV882,22-Jan-18
T4713,1,NV6772,21-Jan-18,NV882,22-Jan-18
T4714,2,NV6772,21-Jan-18,NV840,22-Jan-18
T4715,1,NV6375,21-Jan-18,NV654,21-Jan-18
T4716,1,NV6375,21-Jan-18,NV846,22-Jan-18
T4717,2,NV6633,21-Jan-18,NV664,22-Jan-18
T4718,2,NV6633,21-Jan-18,NV882,22-Jan-18
T4719,1,NV6633,21-Jan-18,NV882,22-Jan-18
T4720,2,NV6633,21-Jan-18,NV840,22-Jan-18
T4721,2,NV6633,21-Jan-18,NV880,22-Jan-18
T4722,2,NV6633,21-Jan-18,NV880,22-Jan-18
T4723,2,NV6633,21-Jan-18,NV880,22-Jan-18
T4724,2,NV651,21-Jan-18,NV3993,21-Jan-18
T4725,2,NV651,21-Jan-18,NV3993,21-Jan-18
T4726,1,NV651,21-Jan-18,NV664,22-Jan-18
T4727,2,NV651,21-Jan-18,NV840,22-Jan-18
T4728,1,NV6642,21-Jan-18,NV654,21-Jan-18
T4729,2,NV6642,21-Jan-18,NV664,22-Jan-18
T4730,2,NV6642,21-Jan-18,NV664,22-Jan-18
T4731,2,NV6642,21-Jan-18,NV664,22-Jan-18
T4732,2,NV6642,21-Jan-18,NV664,22-Jan-18
T4733,2,NV6642,21-Jan-18,NV664,22-Jan-18
T4734,2,NV6642,21-Jan-18,NV664,22-Jan-18
T4735,2,NV6642,21-Jan-18,NV664,22-Jan-18
T4736,2,NV6642,21-Jan-18,NV846,22-Jan-18
T4737,2,NV6642,21-Jan-18,NV846,22-Jan-18
T4738,2,NV6642,21-Jan-18,NV840,22-Jan-18
T4739,2,NV6642,21-Jan-18,NV322,22-Jan-18
T4740,1,NV6642,21-Jan-18,NV322,22-Jan-18
T4741,1,NV6643,21-Jan-18,NV664,22-Jan-18
T4742,2,NV6643,21-Jan-18,NV846,22-Jan-18
T4743,2,NV6643,21-Jan-18,NV320,22-Jan-18
T4744,1,NV6643,21-Jan-18,NV840,22-Jan-18
T4745,1,GN0409,21-Jan-18,NV846,22-Jan-18
T4746,2,NV6653,21-Jan-18,NV654,21-Jan-18
T4747,1,NV6653,21-Jan-18,NV654,21-Jan-18
T4748,2,NV6653,21-Jan-18,NV846,22-Jan-18
T4749,1,NV6653,21-Jan-18,NV846,22-Jan-18
T4750,2,NV6653,21-Jan-18,NV840,22-Jan-18
T4751,2,NV6653,21-Jan-18,NV840,22-Jan-18
T4752,2,NV6653,21-Jan-18,NV880,22-Jan-18
T4753,1,NV6699,21-Jan-18,NV654,21-Jan-18
T4754,2,NV6699,21-Jan-18,NV664,22-Jan-18
T4755,1,NV6699,21-Jan-18,NV664,22-Jan-18
T4756,2,NV6699,21-Jan-18,NV846,22-Jan-18
T4757,2,NV6699,21-Jan-18,NV846,22-Jan-18
T4758,2,NV6699,21-Jan-18,NV846,22-Jan-18
T4759,2,NV6699,21-Jan-18,NV846,22-Jan-18
T4760,2,NV6699,21-Jan-18,NV320,22-Jan-18
T4761,2,NV6699,21-Jan-18,NV882,22-Jan-18
T4762,1,NV6699,21-Jan-18,NV882,22-Jan-18
T4763,2,NV6699,21-Jan-18,NV840,22-Jan-18
T4764,2,NV6699,21-Jan-18,NV840,22-Jan-18
T4765,1,NV6699,21-Jan-18,NV880,22-Jan-18
T4766,1,NV679,21-Jan-18,NV664,22-Jan-18
T4767,1,NV679,21-Jan-18,NV320,22-Jan-18
T4768,1,NV679,21-Jan-18,NV882,22-Jan-18
T4769,1,NV6241,21-Jan-18,NV664,22-Jan-18
T4770,2,NV6241,21-Jan-18,NV320,22-Jan-18
T4771,2,NV6241,21-Jan-18,NV6134,22-Jan-18
T4772,2,NV6241,21-Jan-18,NV882,22-Jan-18
T4773,1,NV6241,21-Jan-18,NV882,22-Jan-18
T4774,2,NV6241,21-Jan-18,NV840,22-Jan-18
T4775,2,NV6241,21-Jan-18,NV880,22-Jan-18
T4776,2,NV6241,21-Jan-18,NV880,22-Jan-18
T4777,2,NV6241,21-Jan-18,NV880,22-Jan-18
T4778,2,NV6241,21-Jan-18,NV880,22-Jan-18
T4779,2,NV6241,21-Jan-18,NV880,22-Jan-18
T4780,1,NV6241,21-Jan-18,NV322,22-Jan-18
T4781,1,NV6737,21-Jan-18,NV664,22-Jan-18
T4782,1,NV6737,21-Jan-18,NV882,22-Jan-18
T4783,1,NV6737,21-Jan-18,NV840,22-Jan-18
T4784,2,NV6737,21-Jan-18,NV880,22-Jan-18
T4785,2,NV3270,21-Jan-18,NV880,22-Jan-18
T4786,2,NV3270,21-Jan-18,NV880,22-Jan-18
T4787,2,NV3270,21-Jan-18,NV880,22-Jan-18
T4788,1,NV6405,21-Jan-18,NV846,22-Jan-18
T4789,2,NV6405,21-Jan-18,NV880,22-Jan-18
T4790,2,NV6405,21-Jan-18,NV880,22-Jan-18
T4791,2,NV6405,21-Jan-18,NV880,22-Jan-18
T4792,2,NV6405,21-Jan-18,NV880,22-Jan-18
T4793,1,NV6769,21-Jan-18,NV846,22-Jan-18
T4794,1,GN0291,21-Jan-18,NV880,22-Jan-18
T4795,2,NV6379,21-Jan-18,NV322,22-Jan-18
T4796,1,NV3464,21-Jan-18,NV322,22-Jan-18
